4.497127
6.159945
5.472991
5.671612
5.509768
7.858833
11.654353
14.880366
16.641391
16.627136
16.692583
16.795064
16.167104
15.268483
14.587980
13.895519
13.467277
13.111628
12.688958
12.442696
12.022534
11.713659
11.834880
11.741805
11.439010
11.324070
11.098082
10.845465
10.552015
10.297507
10.108508
9.936794
9.827567
9.927274
9.789215
9.689599
9.812749
9.907697
9.905018
9.780939
9.612452
9.470097
9.370561
9.311453
9.167388
9.044735
8.948727
8.880020
8.969621
9.332503
9.678021
9.876861
10.105590
10.175847
10.356640
10.509450
10.517527
10.635161
10.586611
10.569083
10.506812
10.537735
10.548424
10.438760
10.371271
10.352467
10.415381
10.330222
10.234828
10.182594
10.095761
10.043681
9.948593
9.867752
9.777841
9.783648
9.734616
9.662077
9.595200
9.519064
9.470603
9.393489
9.330065
9.263076
9.201968
9.150747
9.154424
9.085571
9.065682
9.085654
9.061926
9.012436
8.971485
8.904478
8.874652
8.845246
8.848017
8.808528
8.750992
8.781891
8.813001
8.806762
8.837116
8.796936
8.780023
8.731898
8.691383
8.638628
8.585046
8.533990
8.532099
8.562211
8.591582
8.586644
8.564778
8.557093
8.551788
8.524305
8.471852
8.420263
8.373004
8.324493
8.323691
8.345218
8.325672
8.277083
8.269833
8.273467
8.243784
8.208362
8.174502
8.166456
8.134781
8.129375
8.105834
8.075382
8.075777
8.102593
8.149521
8.209614
8.218333
8.200654
8.195425
8.188321
8.160062
8.131189
8.096735
8.070392
8.036824
8.036438
8.082189
8.189997
8.274751
8.261689
8.285885
8.335012
8.407728
8.446981
8.475690
8.507673
8.545692
8.562692
8.540491
8.570640
8.617734
8.605290
8.590717
8.573780
8.542477
8.525158
8.508264
8.480754
8.453084
8.426614
8.407810
8.376474
8.352539
8.353170
8.364369
8.382103
8.362577
8.329989
8.304908
8.279711
8.256228
8.261112
8.289595
8.316587
8.341398
8.318126
8.303976
8.281747
8.285129
8.282974
8.256858
8.268343
8.256714
8.233028
8.217024
8.195753
8.201148
8.180542
8.159571
8.142978
8.169654
8.215755
8.243571
8.258591
8.275945
8.316291
8.361960
8.362686
8.359243
8.337754
8.312549
8.288802
8.265391
8.253826
8.228285
8.216099
8.201926
8.181260
8.197300
8.229518
8.240716
8.222500
8.199611
8.183677
8.173685
8.157803
8.138816
8.117185
8.100545
8.075552
8.052672
8.034215
8.017247
8.003272
8.013885
8.031543
8.023271
8.018778
8.001889
7.984274
7.977411
7.962934
7.973178
7.986508
7.998831
8.021957
8.021267
8.010687
8.013784
8.004577
8.015016
8.007867
8.012092
8.024714
8.064122
8.085110
8.072820
8.090641
8.148015
8.179773
8.187278
8.176793
8.157856
8.142558
8.127684
8.115377
8.123356
8.131287
8.160048
8.177413
8.163289
8.151667
8.146022
8.134631
8.123658
8.151412
8.188101
8.224515
8.263506
8.297533
8.282716
8.272789
8.251584
8.234907
8.230200
8.228837
8.233328
8.260598
8.254794
8.268439
8.250954
8.239127
8.230596
8.215409
8.201010
8.183748
8.183039
8.173478
8.163794
8.153077
8.181852
8.202391
8.254187
8.341462
8.449427
8.564014
8.641585
8.667381
8.695439
8.706815
8.722377
8.712933
8.710878
8.701778
8.682569
8.664244
8.648130
8.639783
8.639353
8.630379
8.618529
8.628119
8.659592
8.692916
8.726978
8.734170
8.723679
8.704489
8.698442
8.701028
8.714847
8.733560
8.726741
8.718468
8.705863
8.693657
8.676729
8.666108
8.654103
8.642372
8.640150
8.633559
8.621361
8.614783
8.608125
8.615292
8.632766
8.640984
8.630934
8.619284
8.602458
8.596758
8.584489
8.583289
8.593549
8.614828
8.621589
8.625368
8.626515
8.612929
8.598566
8.592885
8.599500
8.624155
8.636891
8.666697
8.698552
8.721889
8.724594
8.712881
8.711368
8.709507
8.698630
8.694170
8.698879
8.711183
8.733756
8.756074
8.768351
8.757320
8.754424
8.773154
8.799664
8.841432
8.913515
9.000325
9.106626
9.189423
9.227601
9.248150
9.252343
9.239540
9.224650
9.213859
9.199649
9.181840
9.174981
9.164599
9.149420
9.136388
9.125325
9.111972
9.097800
9.083663
9.072069
9.071159
9.085680
9.072857
9.059570
9.044323
9.035702
9.041858
9.029524
9.016127
9.011804
9.009782
9.001220
8.990560
8.980812
8.989328
9.011235
9.035523
9.074255
9.104187
9.148715
9.196739
9.251933
9.320712
9.395650
9.493846
9.601077
9.716246
9.827753
9.941613
10.063602
10.170275
10.235160
10.257853
10.269743
10.263240
10.253917
10.238803
10.227367
10.212548
10.208310
10.207687
10.193534
10.177359
10.166710
10.159096
10.144963
10.129666
10.114368
10.099786
10.093503
10.096011
10.084134
10.067632
10.052345
10.042985
10.035939
10.019897
10.011898
9.997766
9.984775
9.973171
9.958127
9.951746
9.955542
9.942555
9.936182
9.944177
9.946689
9.931919
9.923381
9.915652
9.908360
9.897329
9.883990
9.872841
9.859324
9.848918
9.836559
9.837062
9.830062
9.839276
9.831557
9.822778
9.808966
9.795067
9.783727
9.770316
9.756804
9.749086
9.748436
9.735694
