6.626181
6.528273
7.609923
6.477594
5.979629
6.208394
7.675688
8.796677
8.115376
7.805520
7.489580
7.087733
6.770618
6.597576
6.474954
6.385683
6.192973
6.015903
5.880320
6.055022
6.085537
6.074132
6.073696
5.995984
5.863642
5.820311
5.743192
6.027660
6.594125
6.931289
7.313099
7.700576
8.228912
8.786090
9.262115
9.487738
9.537889
9.698112
9.836353
9.728528
9.596864
9.480676
9.526052
9.587027
9.678822
9.848508
10.012163
10.212636
10.417645
10.502074
10.520046
10.547179
10.675697
11.011211
11.349906
11.625798
11.849851
12.002152
11.934271
11.901850
11.842375
11.870105
11.819745
11.806612
11.732121
11.693084
11.794441
11.707150
11.610897
11.533208
11.497759
11.444906
11.391817
11.311934
11.212689
11.119903
11.086306
11.058709
10.984171
11.009336
10.992904
11.056236
11.114240
11.182126
11.312764
11.443315
11.449675
11.441643
11.388577
11.289617
11.206091
11.194924
11.124883
11.065440
11.054143
11.019908
10.977912
10.985387
10.936178
10.855203
10.794381
10.771721
10.712492
10.637979
10.568523
10.523589
10.483965
10.421203
10.362398
10.385663
10.356090
10.334086
10.295877
10.238222
10.230480
10.204654
10.143882
10.134002
10.122154
10.058812
10.008325
9.969685
9.923026
9.896041
9.907686
9.918972
9.873522
9.830892
9.782686
9.734655
9.687655
9.671442
9.705556
9.822856
10.013742
10.219092
10.344223
10.365778
10.353246
10.337308
10.366274
10.420098
10.425486
10.427069
10.470319
10.467263
10.459812
10.411220
10.396218
10.381778
10.340028
10.295513
10.248576
10.269216
10.248707
10.255292
10.218909
10.177499
10.133228
10.103617
10.065585
10.050282
10.071621
10.047557
10.017014
9.984995
9.953239
9.921280
9.879818
9.844571
9.813012
9.789039
9.767759
9.729050
9.688885
9.654638
9.711767
9.807136
9.929843
10.086158
10.251160
10.408836
10.548488
10.680170
10.836717
10.970961
11.043800
11.078763
11.114777
11.162215
11.223409
11.251937
11.249827
11.242913
11.203140
11.168335
11.140102
11.096371
11.064390
11.032301
11.008590
10.972780
10.937668
10.907068
10.869915
10.845311
10.807734
10.784782
10.745268
10.706434
10.675740
10.651107
10.679296
10.738610
10.764012
10.743772
10.706914
10.673755
10.653949
10.616845
10.599541
10.590092
10.554121
10.557073
10.538695
10.539553
10.544138
10.564262
10.597417
10.606857
10.599696
10.584454
10.553425
10.528853
10.495709
10.468577
10.459053
10.454439
10.430656
10.410068
10.400191
10.391534
10.394972
10.415495
10.426584
10.409109
10.386663
10.362048
10.341668
10.353096
10.375463
10.367054
10.348201
10.349389
10.328528
10.323770
10.349443
10.367177
10.361009
10.334940
10.337795
10.372609
10.413080
10.464615
10.520585
10.572688
10.593253
10.585087
10.560614
10.530954
10.504856
10.483484
10.466467
10.478953
10.491597
10.469846
10.448461
10.433233
10.410029
10.408817
10.425256
10.444447
10.422904
10.403781
10.382655
10.360795
10.342693
10.325852
10.307393
10.287776
10.289764
10.277854
10.266431
10.298676
10.364158
10.436361
10.513177
10.590075
10.645713
10.657279
10.644606
10.638924
10.612698
10.592540
10.568523
10.546905
10.525225
10.508218
10.492067
10.472692
10.469177
10.479217
10.466319
10.449518
10.425366
10.424389
10.403132
10.390629
10.370233
10.367211
10.397676
10.425063
10.425131
10.413433
10.392492
10.379051
10.365182
10.343979
10.326280
10.317681
10.312330
10.301973
10.281962
10.261485
10.246298
10.249915
10.242142
10.233655
10.224434
10.207479
10.206619
10.191636
10.172276
10.149831
10.130559
10.120182
10.106847
10.087706
10.066069
10.048654
10.040637
10.025567
10.013771
9.994303
9.972678
9.960249
9.953531
9.977134
10.004196
10.020273
10.031707
10.055946
10.086383
10.108557
10.097876
10.084195
10.069135
10.048562
10.028992
10.012755
9.999522
10.002961
9.998868
9.985244
9.972149
9.953908
9.936836
9.948787
9.939396
9.962611
9.990846
9.991156
9.995725
9.983441
9.971414
9.956567
9.937295
9.921079
9.912881
9.912446
9.902654
9.904688
9.890331
9.872220
9.857986
9.843426
9.830276
9.834626
9.843885
9.850428
9.878256
9.930593
10.002258
10.065033
10.153222
10.242377
10.319263
10.397138
10.460321
10.535003
10.594949
10.639065
10.663533
10.687833
10.724582
10.771314
10.840889
10.913082
10.990077
11.038421
11.079255
11.088472
11.117160
11.152848
11.168541
11.153076
11.135423
11.125473
11.117165
11.114900
11.117532
11.100765
11.087295
11.082753
11.094788
11.096714
11.087370
11.086687
11.073685
11.069887
11.089488
11.109015
11.131844
11.146391
11.143211
11.149083
11.166417
11.174816
11.167737
11.150332
11.149342
11.144215
11.145039
11.131744
11.113047
11.095560
11.080692
11.063421
11.049985
11.045429
11.030053
11.018612
11.006203
10.989610
10.976704
10.958950
10.958465
10.983104
11.019889
11.063626
11.104057
11.126022
11.117103
11.108372
11.104704
11.112162
11.130315
11.128670
11.118022
11.108851
11.091727
11.075646
11.076047
11.085929
11.089067
11.102658
11.136523
11.154177
11.160466
11.150460
11.135215
11.125342
11.117201
11.129026
11.135003
11.153018
11.164716
11.159408
11.155318
11.141689
