6.666925
8.103129
7.864852
7.255631
6.331107
5.992561
6.487418
6.034183
5.823926
5.977286
6.412782
7.407475
7.658026
8.205939
9.564641
10.841074
11.189881
11.674435
12.038141
11.856436
11.504496
11.092709
10.779682
10.499915
10.313122
10.410081
10.376883
10.176078
10.025532
10.144748
10.389980
10.671427
11.174301
11.631961
11.831917
11.937245
11.953827
11.722627
11.594954
11.514784
11.374339
11.185349
10.998389
10.923414
11.002416
10.909577
10.750995
10.828709
10.914111
10.989189
10.996331
11.005587
10.936114
10.846909
10.809218
10.685947
10.607116
10.606680
10.615222
10.586005
10.490982
10.366951
10.263675
10.242280
10.209206
10.344749
10.477393
10.485535
10.377144
10.285020
10.242643
10.282524
10.351543
10.480024
10.653922
10.894404
10.981026
10.971223
10.912503
10.846136
10.771925
10.694801
10.652436
10.723732
10.853823
10.932034
10.902393
10.815617
10.725468
10.645209
10.582687
10.588214
10.562540
10.477145
10.451603
10.414434
10.437403
10.592182
10.764938
11.021268
11.316436
11.589890
11.920972
12.121460
12.290874
12.332647
12.259235
12.249034
12.218007
12.142737
12.069053
12.011249
11.955647
11.884668
11.854537
11.790134
11.718107
11.654316
11.671381
11.685748
11.648007
11.585681
11.520865
11.447936
11.385824
11.320448
11.271611
11.207062
11.146087
11.085323
11.031598
10.978326
10.938362
10.903136
10.874886
10.844526
10.821800
10.806518
10.768836
10.758907
10.766202
10.784833
10.755284
10.712923
10.676314
10.631899
10.633463
10.627600
10.575816
10.563641
10.567514
10.555831
10.568094
10.559070
10.540481
10.511983
10.465992
10.420940
10.372412
10.342470
10.321400
10.278724
10.233836
10.186457
10.172593
10.216141
10.208759
10.171658
10.150954
10.110046
10.086208
10.098460
10.128860
10.199223
10.278961
10.357951
10.467933
10.502407
10.519298
10.506915
10.487341
10.505042
10.508391
10.482335
10.453724
10.433417
10.449025
10.409668
10.368408
10.326509
10.298393
10.296375
10.262722
10.232429
10.232948
10.202306
10.190256
10.158110
10.134348
10.102726
10.079345
10.055316
10.070982
10.078309
10.074657
10.074574
10.052034
10.041939
10.044063
10.019565
9.993477
9.970368
10.005937
10.032059
10.048356
10.016228
9.981314
9.952343
9.929226
9.909435
9.903049
9.904351
9.907172
9.936086
9.973638
10.014468
10.068452
10.147662
10.159423
10.133486
10.102849
10.075587
10.047681
10.044070
10.026151
10.015116
10.035240
10.115370
10.248226
10.421381
10.614738
10.829498
11.025455
11.224959
11.377477
11.507834
11.604482
11.669004
11.721802
11.784652
11.807352
11.804921
11.781402
11.757635
11.732842
11.699325
11.674352
11.640524
11.632198
11.615837
11.639106
11.679090
11.729611
11.771143
11.825983
11.858449
11.895013
11.914410
11.913694
11.938793
11.974995
12.012127
12.057433
12.118075
12.196255
12.303304
12.399514
12.429599
12.447956
12.430064
12.434854
12.466041
12.504762
12.530395
12.535653
12.511817
12.493994
12.472242
12.441167
12.409052
12.403934
12.395010
12.366268
12.333824
12.310329
12.311818
12.295229
12.269181
12.245119
12.245173
12.248298
12.235282
12.217659
12.201262
12.191821
12.189478
12.180045
12.171087
12.146271
12.122480
12.095596
12.070416
12.045902
12.053123
12.090798
12.125235
12.144740
12.175935
12.203388
12.241712
12.265386
12.249374
12.248688
12.221532
12.205672
12.230886
12.261614
12.259275
12.268681
12.259062
12.232823
12.208651
12.184542
12.159441
12.139360
12.120870
12.106452
12.097262
12.077960
12.060472
12.068899
12.066506
12.077460
12.084178
12.067976
12.056701
12.057964
12.068884
12.049281
12.030462
12.033488
12.025197
12.009932
11.989567
11.994181
12.025268
12.082322
12.139748
12.203273
12.250075
12.275866
12.290847
12.296929
12.289793
12.270581
12.246518
12.231839
12.207011
12.186439
12.160577
12.149975
12.129728
12.107674
12.093785
12.082528
12.064239
12.043847
12.026055
12.008143
12.007017
11.984245
11.959323
11.934702
11.911787
11.899977
11.879112
11.860942
11.845910
11.829837
11.822128
11.828948
11.806273
11.786569
11.769391
11.747761
11.725393
11.707860
11.689361
11.690899
11.704763
11.718209
11.718497
11.718484
11.731158
11.761138
11.793699
11.782342
11.765454
11.747978
11.733997
11.723242
11.731420
11.725978
11.705489
11.689909
11.688682
11.691069
11.697928
11.689747
11.669302
11.648417
11.628088
11.610465
11.595240
11.595533
11.608878
11.597594
11.582354
11.578601
11.580434
11.567693
11.562540
11.552443
11.540627
11.547844
11.533324
11.519529
11.507073
11.497669
11.514567
11.533063
11.539648
11.523169
11.513577
11.519510
11.546400
11.583649
11.634789
11.626284
11.620637
11.603025
11.582380
11.565869
11.553748
11.544406
11.533694
11.526657
11.531345
11.528891
11.512670
11.494544
11.475729
11.456108
11.442946
11.430665
11.437076
11.426543
11.427709
11.429358
11.450639
11.476728
11.528855
11.585154
11.642239
11.688478
11.731515
11.772236
11.809469
11.867189
11.944162
12.028955
12.079707
12.115207
12.114185
12.114722
12.106644
12.089310
12.074784
12.059938
12.041332
12.029051
12.016497
12.000062
11.984946
11.978467
11.959851
11.944584
11.935250
11.936984
11.943516
