5 	  52.90
10 	  46.15
15 	  44.07
20 	  43.62
25 	  42.38
30 	  40.43
35 	  41.39
40 	  40.75
45 	  40.56
50 	  41.62
55 	  41.64
60 	  40.80
65 	  41.47
70 	  41.16
75 	  41.24
80 	  41.89
85 	  41.66
90 	  41.11
95 	  41.34
100 	  41.63
105 	  41.43
110 	  41.63
115 	  41.66
120 	  41.67
125 	  41.64
130 	  41.91
135 	  41.89
140 	  41.94
145 	  42.20
150 	  42.19
155 	  42.16
160 	  42.14
165 	  41.95
170 	  42.10
175 	  42.05
180 	  41.99
185 	  42.17
190 	  42.21
195 	  42.15
200 	  42.07
205 	  42.18
210 	  42.16
215 	  41.93
220 	  41.95
225 	  41.92
230 	  41.92
235 	  41.74
240 	  41.82
245 	  41.72
250 	  41.70
255 	  41.81
260 	  41.59
265 	  41.69
270 	  41.87
275 	  42.01
280 	  41.88
285 	  41.93
290 	  41.79
295 	  41.91
300 	  41.88
305 	  41.82
310 	  41.77
315 	  41.70
320 	  41.63
325 	  41.62
330 	  41.58
335 	  41.66
340 	  41.67
345 	  41.79
350 	  41.86
355 	  41.82
360 	  41.94
365 	  41.88
370 	  41.85
375 	  41.89
380 	  41.96
385 	  41.95
390 	  41.91
395 	  42.01
400 	  42.01
405 	  41.88
410 	  41.80
415 	  41.75
420 	  41.72
425 	  41.66
430 	  41.71
435 	  41.75
440 	  41.72
445 	  41.76
450 	  41.78
455 	  41.82
460 	  41.93
465 	  41.92
470 	  41.92
475 	  42.02
480 	  42.03
485 	  42.03
490 	  42.06
495 	  42.09
500 	  42.15
505 	  42.06
510 	  42.11
515 	  42.08
520 	  42.10
525 	  42.01
530 	  41.96
535 	  42.03
540 	  42.01
545 	  41.97
550 	  42.00
555 	  41.96
560 	  42.03
565 	  42.00
570 	  42.08
575 	  42.09
580 	  42.06
585 	  42.07
590 	  42.01
595 	  42.09
600 	  42.05
605 	  42.06
610 	  42.05
615 	  42.09
620 	  42.08
625 	  42.09
630 	  42.07
635 	  42.05
640 	  42.08
645 	  41.99
650 	  41.97
655 	  42.03
660 	  42.03
665 	  42.04
670 	  42.04
675 	  42.03
680 	  42.08
685 	  42.06
690 	  42.13
695 	  42.13
700 	  42.12
705 	  42.16
710 	  42.21
715 	  42.16
720 	  42.14
725 	  42.11
730 	  42.10
735 	  42.11
740 	  42.13
745 	  42.10
750 	  42.10
755 	  42.14
760 	  42.15
765 	  42.11
770 	  42.16
775 	  42.15
780 	  42.16
785 	  42.13
790 	  42.15
795 	  42.17
800 	  42.17
805 	  42.17
810 	  42.17
815 	  42.18
820 	  42.18
825 	  42.17
830 	  42.19
835 	  42.19
840 	  42.26
845 	  42.25
850 	  42.24
855 	  42.25
860 	  42.27
865 	  42.33
870 	  42.32
875 	  42.38
880 	  42.40
885 	  42.41
890 	  42.42
895 	  42.44
900 	  42.39
905 	  42.37
910 	  42.39
915 	  42.39
920 	  42.39
925 	  42.35
930 	  42.37
935 	  42.35
940 	  42.35
945 	  42.36
950 	  42.41
955 	  42.44
960 	  42.42
965 	  42.44
970 	  42.44
975 	  42.47
980 	  42.43
985 	  42.45
990 	  42.40
995 	  42.38
1000 	  42.40
1005 	  42.37
1010 	  42.37
1015 	  42.36
1020 	  42.34
1025 	  42.35
1030 	  42.34
1035 	  42.35
1040 	  42.35
1045 	  42.36
1050 	  42.33
1055 	  42.30
1060 	  42.35
1065 	  42.32
1070 	  42.33
1075 	  42.33
1080 	  42.36
1085 	  42.34
1090 	  42.37
1095 	  42.36
1100 	  42.36
1105 	  42.33
1110 	  42.34
1115 	  42.33
1120 	  42.31
1125 	  42.32
1130 	  42.32
1135 	  42.33
1140 	  42.33
1145 	  42.34
1150 	  42.33
1155 	  42.31
1160 	  42.34
1165 	  42.34
1170 	  42.32
1175 	  42.32
1180 	  42.30
1185 	  42.27
1190 	  42.30
1195 	  42.28
1200 	  42.29
1205 	  42.30
1210 	  42.31
1215 	  42.32
1220 	  42.31
1225 	  42.34
1230 	  42.33
1235 	  42.35
1240 	  42.38
1245 	  42.38
1250 	  42.40
1255 	  42.40
1260 	  42.41
1265 	  42.38
1270 	  42.40
1275 	  42.40
1280 	  42.42
1285 	  42.42
1290 	  42.43
1295 	  42.38
1300 	  42.38
1305 	  42.38
1310 	  42.40
1315 	  42.40
1320 	  42.38
1325 	  42.34
1330 	  42.37
1335 	  42.37
1340 	  42.37
1345 	  42.35
1350 	  42.33
1355 	  42.33
1360 	  42.33
1365 	  42.33
1370 	  42.35
1375 	  42.33
1380 	  42.35
1385 	  42.36
1390 	  42.36
1395 	  42.34
1400 	  42.33
1405 	  42.32
1410 	  42.32
1415 	  42.33
1420 	  42.34
1425 	  42.34
1430 	  42.34
1435 	  42.35
1440 	  42.36
1445 	  42.34
1450 	  42.32
1455 	  42.33
1460 	  42.35
1465 	  42.36
1470 	  42.35
1475 	  42.34
1480 	  42.36
1485 	  42.37
1490 	  42.35
1495 	  42.36
1500 	  42.36
1505 	  42.38
1510 	  42.36
1515 	  42.37
1520 	  42.38
1525 	  42.39
1530 	  42.40
1535 	  42.38
1540 	  42.39
1545 	  42.39
1550 	  42.39
1555 	  42.39
1560 	  42.40
1565 	  42.39
1570 	  42.36
1575 	  42.38
1580 	  42.38
1585 	  42.39
1590 	  42.40
1595 	  42.39
1600 	  42.37
1605 	  42.37
1610 	  42.36
1615 	  42.37
1620 	  42.35
1625 	  42.33
1630 	  42.36
1635 	  42.37
1640 	  42.36
1645 	  42.34
1650 	  42.34
1655 	  42.34
1660 	  42.36
1665 	  42.34
1670 	  42.33
1675 	  42.34
1680 	  42.34
1685 	  42.36
1690 	  42.37
1695 	  42.38
1700 	  42.37
1705 	  42.36
1710 	  42.37
1715 	  42.39
1720 	  42.37
1725 	  42.37
1730 	  42.36
1735 	  42.35
1740 	  42.37
1745 	  42.38
1750 	  42.38
1755 	  42.38
1760 	  42.38
1765 	  42.38
1770 	  42.39
1775 	  42.39
1780 	  42.38
1785 	  42.39
1790 	  42.38
1795 	  42.37
1800 	  42.38
1805 	  42.39
1810 	  42.39
1815 	  42.36
1820 	  42.36
1825 	  42.37
1830 	  42.36
1835 	  42.34
1840 	  42.34
1845 	  42.34
1850 	  42.36
1855 	  42.37
1860 	  42.38
1865 	  42.38
1870 	  42.39
1875 	  42.38
1880 	  42.38
1885 	  42.37
1890 	  42.39
1895 	  42.38
1900 	  42.38
1905 	  42.36
1910 	  42.38
1915 	  42.39
1920 	  42.38
1925 	  42.39
1930 	  42.39
1935 	  42.39
1940 	  42.38
1945 	  42.39
1950 	  42.39
1955 	  42.39
1960 	  42.38
1965 	  42.38
1970 	  42.38
1975 	  42.37
1980 	  42.37
1985 	  42.37
1990 	  42.35
1995 	  42.36
2000 	  42.36
2005 	  42.37
2010 	  42.35
2015 	  42.33
2020 	  42.34
2025 	  42.34
2030 	  42.35
2035 	  42.36
2040 	  42.35
2045 	  42.34
2050 	  42.32
2055 	  42.33
2060 	  42.34
2065 	  42.32
2070 	  42.30
2075 	  42.30
2080 	  42.33
2085 	  42.32
2090 	  42.32
2095 	  42.33
2100 	  42.33
2105 	  42.35
2110 	  42.34
2115 	  42.34
2120 	  42.34
2125 	  42.31
2130 	  42.33
2135 	  42.32
2140 	  42.32
2145 	  42.31
2150 	  42.31
2155 	  42.31
2160 	  42.30
2165 	  42.33
2170 	  42.33
2175 	  42.32
2180 	  42.33
2185 	  42.33
2190 	  42.31
2195 	  42.30
2200 	  42.31
2205 	  42.31
2210 	  42.31
2215 	  42.32
2220 	  42.29
2225 	  42.29
2230 	  42.28
2235 	  42.28
2240 	  42.28
2245 	  42.30
2250 	  42.30
2255 	  42.30
2260 	  42.29
2265 	  42.28
2270 	  42.29
2275 	  42.28
2280 	  42.28
2285 	  42.27
2290 	  42.26
2295 	  42.27
2300 	  42.28
2305 	  42.27
2310 	  42.29
2315 	  42.29
2320 	  42.30
2325 	  42.32
2330 	  42.32
2335 	  42.33
2340 	  42.33
2345 	  42.33
2350 	  42.33
2355 	  42.33
2360 	  42.33
2365 	  42.33
2370 	  42.33
2375 	  42.33
2380 	  42.32
2385 	  42.32
2390 	  42.32
2395 	  42.31
2400 	  42.30
2405 	  42.30
2410 	  42.31
2415 	  42.30
2420 	  42.29
2425 	  42.30
2430 	  42.30
2435 	  42.31
2440 	  42.31
2445 	  42.29
2450 	  42.31
2455 	  42.30
2460 	  42.31
2465 	  42.31
2470 	  42.31
2475 	  42.30
2480 	  42.31
2485 	  42.30
2490 	  42.30
2495 	  42.29
2500 	  42.29
2505 	  42.29
2510 	  42.27
2515 	  42.27
2520 	  42.26
2525 	  42.25
2530 	  42.25
2535 	  42.25
2540 	  42.24
2545 	  42.24
2550 	  42.25
2555 	  42.25
2560 	  42.25
2565 	  42.26
2570 	  42.25
2575 	  42.25
2580 	  42.26
2585 	  42.26
2590 	  42.27
2595 	  42.27
2600 	  42.27
2605 	  42.26
2610 	  42.25
2615 	  42.27
2620 	  42.26
2625 	  42.27
2630 	  42.27
2635 	  42.28
2640 	  42.26
2645 	  42.27
2650 	  42.27
2655 	  42.28
2660 	  42.28
2665 	  42.29
2670 	  42.30
2675 	  42.30
2680 	  42.31
2685 	  42.32
2690 	  42.33
2695 	  42.34
2700 	  42.34
2705 	  42.33
2710 	  42.33
2715 	  42.33
2720 	  42.33
2725 	  42.35
2730 	  42.34
2735 	  42.34
2740 	  42.32
2745 	  42.33
2750 	  42.33
2755 	  42.34
2760 	  42.35
2765 	  42.34
2770 	  42.34
2775 	  42.33
2780 	  42.33
2785 	  42.32
2790 	  42.34
2795 	  42.32
2800 	  42.32
2805 	  42.33
2810 	  42.33
2815 	  42.33
2820 	  42.34
2825 	  42.33
2830 	  42.33
2835 	  42.33
2840 	  42.33
2845 	  42.33
2850 	  42.32
2855 	  42.34
2860 	  42.35
2865 	  42.33
2870 	  42.34
2875 	  42.33
2880 	  42.32
2885 	  42.33
2890 	  42.34
2895 	  42.36
2900 	  42.34
2905 	  42.35
2910 	  42.36
2915 	  42.35
2920 	  42.34
2925 	  42.36
2930 	  42.35
2935 	  42.35
2940 	  42.34
2945 	  42.34
2950 	  42.34
2955 	  42.32
2960 	  42.32
2965 	  42.33
2970 	  42.34
2975 	  42.32
2980 	  42.33
2985 	  42.32
2990 	  42.33
2995 	  42.33
3000 	  42.33
3005 	  42.32
3010 	  42.31
3015 	  42.31
3020 	  42.31
3025 	  42.32
3030 	  42.34
3035 	  42.34
3040 	  42.33
3045 	  42.34
3050 	  42.35
3055 	  42.36
3060 	  42.36
3065 	  42.37
3070 	  42.38
3075 	  42.37
3080 	  42.36
3085 	  42.37
3090 	  42.38
3095 	  42.37
3100 	  42.38
3105 	  42.37
3110 	  42.37
3115 	  42.37
3120 	  42.37
3125 	  42.37
3130 	  42.37
3135 	  42.37
3140 	  42.38
3145 	  42.39
3150 	  42.38
3155 	  42.38
3160 	  42.37
3165 	  42.38
3170 	  42.38
3175 	  42.38
3180 	  42.38
3185 	  42.38
3190 	  42.38
3195 	  42.39
3200 	  42.40
3205 	  42.39
3210 	  42.40
3215 	  42.39
3220 	  42.39
3225 	  42.39
3230 	  42.39
3235 	  42.39
3240 	  42.38
3245 	  42.39
3250 	  42.39
3255 	  42.40
3260 	  42.41
3265 	  42.40
3270 	  42.39
3275 	  42.38
3280 	  42.38
3285 	  42.36
3290 	  42.35
3295 	  42.35
3300 	  42.36
3305 	  42.35
3310 	  42.36
3315 	  42.35
3320 	  42.35
3325 	  42.36
3330 	  42.35
3335 	  42.37
3340 	  42.36
3345 	  42.35
3350 	  42.35
3355 	  42.34
3360 	  42.34
3365 	  42.34
3370 	  42.33
3375 	  42.32
3380 	  42.32
3385 	  42.31
3390 	  42.31
3395 	  42.31
3400 	  42.32
3405 	  42.33
3410 	  42.33
3415 	  42.33
3420 	  42.33
3425 	  42.33
3430 	  42.32
3435 	  42.33
3440 	  42.32
3445 	  42.33
3450 	  42.34
3455 	  42.33
3460 	  42.33
3465 	  42.34
3470 	  42.34
3475 	  42.34
3480 	  42.33
3485 	  42.33
3490 	  42.34
3495 	  42.33
3500 	  42.34
3505 	  42.33
3510 	  42.33
3515 	  42.33
3520 	  42.33
3525 	  42.32
3530 	  42.33
3535 	  42.33
3540 	  42.32
3545 	  42.32
3550 	  42.32
3555 	  42.31
3560 	  42.31
3565 	  42.30
3570 	  42.31
3575 	  42.31
3580 	  42.31
3585 	  42.31
3590 	  42.32
3595 	  42.32
3600 	  42.31
3605 	  42.31
3610 	  42.31
3615 	  42.30
3620 	  42.30
3625 	  42.30
3630 	  42.31
3635 	  42.31
3640 	  42.31
3645 	  42.32
3650 	  42.31
3655 	  42.32
3660 	  42.32
3665 	  42.33
3670 	  42.32
3675 	  42.32
3680 	  42.33
3685 	  42.32
3690 	  42.32
3695 	  42.33
3700 	  42.32
3705 	  42.33
3710 	  42.32
3715 	  42.32
3720 	  42.33
3725 	  42.32
3730 	  42.32
3735 	  42.33
3740 	  42.32
3745 	  42.33
3750 	  42.33
3755 	  42.33
3760 	  42.32
3765 	  42.33
3770 	  42.32
3775 	  42.32
3780 	  42.31
3785 	  42.31
3790 	  42.31
3795 	  42.30
3800 	  42.30
3805 	  42.30
3810 	  42.30
3815 	  42.30
3820 	  42.29
3825 	  42.30
3830 	  42.29
3835 	  42.29
3840 	  42.28
3845 	  42.28
3850 	  42.29
3855 	  42.29
3860 	  42.29
3865 	  42.28
3870 	  42.27
3875 	  42.27
3880 	  42.28
3885 	  42.28
3890 	  42.29
3895 	  42.28
3900 	  42.29
3905 	  42.29
3910 	  42.30
3915 	  42.29
3920 	  42.30
3925 	  42.30
3930 	  42.31
3935 	  42.31
3940 	  42.31
3945 	  42.31
3950 	  42.31
3955 	  42.32
3960 	  42.31
3965 	  42.31
3970 	  42.32
3975 	  42.32
3980 	  42.32
3985 	  42.31
3990 	  42.32
3995 	  42.33
4000 	  42.33
4005 	  42.32
4010 	  42.31
4015 	  42.32
4020 	  42.33
4025 	  42.31
4030 	  42.32
4035 	  42.32
4040 	  42.31
4045 	  42.31
4050 	  42.31
4055 	  42.31
4060 	  42.33
4065 	  42.33
4070 	  42.32
4075 	  42.32
4080 	  42.32
4085 	  42.32
4090 	  42.30
4095 	  42.30
4100 	  42.30
4105 	  42.29
4110 	  42.29
4115 	  42.30
4120 	  42.30
4125 	  42.30
4130 	  42.30
4135 	  42.30
4140 	  42.29
4145 	  42.28
4150 	  42.29
4155 	  42.29
4160 	  42.29
4165 	  42.29
4170 	  42.28
4175 	  42.28
4180 	  42.27
4185 	  42.27
4190 	  42.27
4195 	  42.27
4200 	  42.28
4205 	  42.27
4210 	  42.27
4215 	  42.27
4220 	  42.28
4225 	  42.29
4230 	  42.29
4235 	  42.28
4240 	  42.29
4245 	  42.28
4250 	  42.29
4255 	  42.29
4260 	  42.30
4265 	  42.29
4270 	  42.30
4275 	  42.30
4280 	  42.30
4285 	  42.30
4290 	  42.30
4295 	  42.30
4300 	  42.30
4305 	  42.30
4310 	  42.30
4315 	  42.30
4320 	  42.29
4325 	  42.30
4330 	  42.30
4335 	  42.30
4340 	  42.29
4345 	  42.30
4350 	  42.29
4355 	  42.30
4360 	  42.30
4365 	  42.30
4370 	  42.31
4375 	  42.32
4380 	  42.32
4385 	  42.31
4390 	  42.32
4395 	  42.31
4400 	  42.32
4405 	  42.31
4410 	  42.31
4415 	  42.31
4420 	  42.32
4425 	  42.31
4430 	  42.32
4435 	  42.31
4440 	  42.32
4445 	  42.31
4450 	  42.31
4455 	  42.32
4460 	  42.32
4465 	  42.32
4470 	  42.32
4475 	  42.33
4480 	  42.32
4485 	  42.31
4490 	  42.31
4495 	  42.31
4500 	  42.32
4505 	  42.32
4510 	  42.31
4515 	  42.31
4520 	  42.32
4525 	  42.32
4530 	  42.32
4535 	  42.32
4540 	  42.32
4545 	  42.32
4550 	  42.33
4555 	  42.33
4560 	  42.34
4565 	  42.33
4570 	  42.33
4575 	  42.34
4580 	  42.34
4585 	  42.35
4590 	  42.35
4595 	  42.34
4600 	  42.34
4605 	  42.34
4610 	  42.34
4615 	  42.33
4620 	  42.33
4625 	  42.33
4630 	  42.32
4635 	  42.31
4640 	  42.31
4645 	  42.30
4650 	  42.30
4655 	  42.30
4660 	  42.30
4665 	  42.31
4670 	  42.32
4675 	  42.31
4680 	  42.31
4685 	  42.31
4690 	  42.33
4695 	  42.32
4700 	  42.33
4705 	  42.34
4710 	  42.34
4715 	  42.34
4720 	  42.34
4725 	  42.34
4730 	  42.33
4735 	  42.34
4740 	  42.35
4745 	  42.34
4750 	  42.34
4755 	  42.35
4760 	  42.36
4765 	  42.36
4770 	  42.36
4775 	  42.36
4780 	  42.36
4785 	  42.36
4790 	  42.36
4795 	  42.36
4800 	  42.37
4805 	  42.37
4810 	  42.37
4815 	  42.37
4820 	  42.38
4825 	  42.37
4830 	  42.37
4835 	  42.37
4840 	  42.38
4845 	  42.38
4850 	  42.38
4855 	  42.38
4860 	  42.37
4865 	  42.38
4870 	  42.38
4875 	  42.39
4880 	  42.38
4885 	  42.38
4890 	  42.38
4895 	  42.38
4900 	  42.38
4905 	  42.39
4910 	  42.38
4915 	  42.39
4920 	  42.39
4925 	  42.38
4930 	  42.39
4935 	  42.39
4940 	  42.40
4945 	  42.38
4950 	  42.39
4955 	  42.39
4960 	  42.39
4965 	  42.39
4970 	  42.39
4975 	  42.38
4980 	  42.37
4985 	  42.38
4990 	  42.38
4995 	  42.37
5000 	  42.37
5005 	  42.37
5010 	  42.37
5015 	  42.37
5020 	  42.38
5025 	  42.37
5030 	  42.38
5035 	  42.38
5040 	  42.38
5045 	  42.38
5050 	  42.39
5055 	  42.39
5060 	  42.40
5065 	  42.40
5070 	  42.40
5075 	  42.40
5080 	  42.40
5085 	  42.41
5090 	  42.41
5095 	  42.41
5100 	  42.40
5105 	  42.41
5110 	  42.40
5115 	  42.41
5120 	  42.40
5125 	  42.40
5130 	  42.40
5135 	  42.40
5140 	  42.39
5145 	  42.39
5150 	  42.39
5155 	  42.40
5160 	  42.41
5165 	  42.41
5170 	  42.41
5175 	  42.41
5180 	  42.41
5185 	  42.41
5190 	  42.42
5195 	  42.42
5200 	  42.43
5205 	  42.42
5210 	  42.42
5215 	  42.42
5220 	  42.42
5225 	  42.42
5230 	  42.42
5235 	  42.42
5240 	  42.42
5245 	  42.42
5250 	  42.42
5255 	  42.42
5260 	  42.42
5265 	  42.42
5270 	  42.42
5275 	  42.42
5280 	  42.43
5285 	  42.43
5290 	  42.43
5295 	  42.43
5300 	  42.43
5305 	  42.43
5310 	  42.42
5315 	  42.43
5320 	  42.43
5325 	  42.42
5330 	  42.42
5335 	  42.43
5340 	  42.43
5345 	  42.43
5350 	  42.42
5355 	  42.41
5360 	  42.41
5365 	  42.42
5370 	  42.42
5375 	  42.42
5380 	  42.43
5385 	  42.43
5390 	  42.43
5395 	  42.43
5400 	  42.43
5405 	  42.42
5410 	  42.43
5415 	  42.43
5420 	  42.42
5425 	  42.43
5430 	  42.42
5435 	  42.43
5440 	  42.43
5445 	  42.42
5450 	  42.43
5455 	  42.43
5460 	  42.43
5465 	  42.44
5470 	  42.43
5475 	  42.44
5480 	  42.43
5485 	  42.43
5490 	  42.43
5495 	  42.43
5500 	  42.42
5505 	  42.42
5510 	  42.42
5515 	  42.42
5520 	  42.42
5525 	  42.43
5530 	  42.43
5535 	  42.43
5540 	  42.42
5545 	  42.42
5550 	  42.41
5555 	  42.41
5560 	  42.42
5565 	  42.42
5570 	  42.42
5575 	  42.42
5580 	  42.42
5585 	  42.43
5590 	  42.43
5595 	  42.43
5600 	  42.42
5605 	  42.42
5610 	  42.42
5615 	  42.43
5620 	  42.43
5625 	  42.43
5630 	  42.43
5635 	  42.43
5640 	  42.43
5645 	  42.43
5650 	  42.44
5655 	  42.44
5660 	  42.43
5665 	  42.43
5670 	  42.43
5675 	  42.43
5680 	  42.43
5685 	  42.43
5690 	  42.43
5695 	  42.43
5700 	  42.42
5705 	  42.42
5710 	  42.42
5715 	  42.43
5720 	  42.43
5725 	  42.42
5730 	  42.42
5735 	  42.43
5740 	  42.43
5745 	  42.43
5750 	  42.43
5755 	  42.43
5760 	  42.43
5765 	  42.44
5770 	  42.43
5775 	  42.43
5780 	  42.43
5785 	  42.42
5790 	  42.43
5795 	  42.43
5800 	  42.43
5805 	  42.42
5810 	  42.42
5815 	  42.43
5820 	  42.42
5825 	  42.43
5830 	  42.43
5835 	  42.43
5840 	  42.43
5845 	  42.43
5850 	  42.43
5855 	  42.43
5860 	  42.43
5865 	  42.43
5870 	  42.43
5875 	  42.43
5880 	  42.43
5885 	  42.42
5890 	  42.42
5895 	  42.42
5900 	  42.42
5905 	  42.41
5910 	  42.42
5915 	  42.42
5920 	  42.43
5925 	  42.43
5930 	  42.43
5935 	  42.42
5940 	  42.43
5945 	  42.42
5950 	  42.42
5955 	  42.42
5960 	  42.42
5965 	  42.42
5970 	  42.42
5975 	  42.43
5980 	  42.43
5985 	  42.43
5990 	  42.43
5995 	  42.43
6000 	  42.43
6005 	  42.43
6010 	  42.43
6015 	  42.42
6020 	  42.42
6025 	  42.43
6030 	  42.42
6035 	  42.42
6040 	  42.42
6045 	  42.42
6050 	  42.43
6055 	  42.43
6060 	  42.43
6065 	  42.43
6070 	  42.44
6075 	  42.44
6080 	  42.45
6085 	  42.45
6090 	  42.44
6095 	  42.44
6100 	  42.44
6105 	  42.44
6110 	  42.44
6115 	  42.44
6120 	  42.43
6125 	  42.44
6130 	  42.44
6135 	  42.44
6140 	  42.44
6145 	  42.45
6150 	  42.45
6155 	  42.45
6160 	  42.45
6165 	  42.44
6170 	  42.44
6175 	  42.45
6180 	  42.45
6185 	  42.45
6190 	  42.45
6195 	  42.45
6200 	  42.45
6205 	  42.45
6210 	  42.45
6215 	  42.45
6220 	  42.46
6225 	  42.45
6230 	  42.46
6235 	  42.46
6240 	  42.46
6245 	  42.45
6250 	  42.46
6255 	  42.46
6260 	  42.46
6265 	  42.46
6270 	  42.46
6275 	  42.46
6280 	  42.46
6285 	  42.46
6290 	  42.46
6295 	  42.46
6300 	  42.47
6305 	  42.47
6310 	  42.47
6315 	  42.46
6320 	  42.46
6325 	  42.46
6330 	  42.46
6335 	  42.45
6340 	  42.46
6345 	  42.45
6350 	  42.45
6355 	  42.45
6360 	  42.45
6365 	  42.45
6370 	  42.45
6375 	  42.45
6380 	  42.45
6385 	  42.46
6390 	  42.46
6395 	  42.45
6400 	  42.45
6405 	  42.45
6410 	  42.45
6415 	  42.46
6420 	  42.46
6425 	  42.46
6430 	  42.46
6435 	  42.45
6440 	  42.45
6445 	  42.46
6450 	  42.46
6455 	  42.45
6460 	  42.46
6465 	  42.46
6470 	  42.46
6475 	  42.46
6480 	  42.46
6485 	  42.46
6490 	  42.46
6495 	  42.46
6500 	  42.46
6505 	  42.46
6510 	  42.46
6515 	  42.47
6520 	  42.47
6525 	  42.47
6530 	  42.47
6535 	  42.47
6540 	  42.47
6545 	  42.48
6550 	  42.48
6555 	  42.47
6560 	  42.48
6565 	  42.49
6570 	  42.49
6575 	  42.48
6580 	  42.49
6585 	  42.48
6590 	  42.48
6595 	  42.48
6600 	  42.48
6605 	  42.48
6610 	  42.49
6615 	  42.48
6620 	  42.48
6625 	  42.47
6630 	  42.48
6635 	  42.48
6640 	  42.48
6645 	  42.48
6650 	  42.48
6655 	  42.48
6660 	  42.48
6665 	  42.48
6670 	  42.49
6675 	  42.49
6680 	  42.49
6685 	  42.49
6690 	  42.49
6695 	  42.49
6700 	  42.50
6705 	  42.50
6710 	  42.50
6715 	  42.50
6720 	  42.49
6725 	  42.50
6730 	  42.50
6735 	  42.50
6740 	  42.51
6745 	  42.51
6750 	  42.50
6755 	  42.50
6760 	  42.50
6765 	  42.50
6770 	  42.50
6775 	  42.50
6780 	  42.49
6785 	  42.49
6790 	  42.49
6795 	  42.49
6800 	  42.49
6805 	  42.49
6810 	  42.49
6815 	  42.49
6820 	  42.49
6825 	  42.48
6830 	  42.48
6835 	  42.48
6840 	  42.49
6845 	  42.49
6850 	  42.49
6855 	  42.49
6860 	  42.49
6865 	  42.49
6870 	  42.50
6875 	  42.50
6880 	  42.49
6885 	  42.50
6890 	  42.50
6895 	  42.50
6900 	  42.50
6905 	  42.50
6910 	  42.50
6915 	  42.50
6920 	  42.50
6925 	  42.50
6930 	  42.50
6935 	  42.50
6940 	  42.50
6945 	  42.50
6950 	  42.50
6955 	  42.50
6960 	  42.50
6965 	  42.50
6970 	  42.50
6975 	  42.50
6980 	  42.50
6985 	  42.51
6990 	  42.51
6995 	  42.51
7000 	  42.51
7005 	  42.51
7010 	  42.50
7015 	  42.50
7020 	  42.50
7025 	  42.50
7030 	  42.51
7035 	  42.51
7040 	  42.51
7045 	  42.51
7050 	  42.51
7055 	  42.51
7060 	  42.51
7065 	  42.51
7070 	  42.51
7075 	  42.51
7080 	  42.51
7085 	  42.51
7090 	  42.51
7095 	  42.51
7100 	  42.52
7105 	  42.52
7110 	  42.52
7115 	  42.52
7120 	  42.52
7125 	  42.53
7130 	  42.53
7135 	  42.52
7140 	  42.52
7145 	  42.52
7150 	  42.52
7155 	  42.52
7160 	  42.52
7165 	  42.51
7170 	  42.51
7175 	  42.52
7180 	  42.51
7185 	  42.51
7190 	  42.50
7195 	  42.50
7200 	  42.51
7205 	  42.50
7210 	  42.50
7215 	  42.50
7220 	  42.51
7225 	  42.50
7230 	  42.51
7235 	  42.51
7240 	  42.51
7245 	  42.51
7250 	  42.51
7255 	  42.51
7260 	  42.51
7265 	  42.51
7270 	  42.51
7275 	  42.51
7280 	  42.51
7285 	  42.51
7290 	  42.51
7295 	  42.52
7300 	  42.51
7305 	  42.51
7310 	  42.52
7315 	  42.51
7320 	  42.51
7325 	  42.52
7330 	  42.51
7335 	  42.51
7340 	  42.51
7345 	  42.51
7350 	  42.51
7355 	  42.51
7360 	  42.51
7365 	  42.51
7370 	  42.52
7375 	  42.52
7380 	  42.52
7385 	  42.52
7390 	  42.52
7395 	  42.51
7400 	  42.51
7405 	  42.51
7410 	  42.52
7415 	  42.52
7420 	  42.52
7425 	  42.52
7430 	  42.53
7435 	  42.53
7440 	  42.52
7445 	  42.52
7450 	  42.52
7455 	  42.51
7460 	  42.52
7465 	  42.52
7470 	  42.52
7475 	  42.51
7480 	  42.52
7485 	  42.51
7490 	  42.51
7495 	  42.51
7500 	  42.51
7505 	  42.51
7510 	  42.50
7515 	  42.51
7520 	  42.51
7525 	  42.51
7530 	  42.51
7535 	  42.51
7540 	  42.52
7545 	  42.51
7550 	  42.51
7555 	  42.51
7560 	  42.51
7565 	  42.51
7570 	  42.52
7575 	  42.51
7580 	  42.52
7585 	  42.52
7590 	  42.52
7595 	  42.51
7600 	  42.51
7605 	  42.51
7610 	  42.51
7615 	  42.51
7620 	  42.51
7625 	  42.51
7630 	  42.51
7635 	  42.50
7640 	  42.51
7645 	  42.50
7650 	  42.51
7655 	  42.50
7660 	  42.50
7665 	  42.50
7670 	  42.50
7675 	  42.50
7680 	  42.50
7685 	  42.50
7690 	  42.50
7695 	  42.50
7700 	  42.50
7705 	  42.50
7710 	  42.50
7715 	  42.49
7720 	  42.50
7725 	  42.49
7730 	  42.49
7735 	  42.49
7740 	  42.49
7745 	  42.49
7750 	  42.49
7755 	  42.49
7760 	  42.49
7765 	  42.49
7770 	  42.49
7775 	  42.49
7780 	  42.48
7785 	  42.48
7790 	  42.49
7795 	  42.48
7800 	  42.48
7805 	  42.48
7810 	  42.48
7815 	  42.49
7820 	  42.48
7825 	  42.48
7830 	  42.48
7835 	  42.48
7840 	  42.48
7845 	  42.48
7850 	  42.48
7855 	  42.48
7860 	  42.47
7865 	  42.48
7870 	  42.48
7875 	  42.48
7880 	  42.48
7885 	  42.48
7890 	  42.48
7895 	  42.48
7900 	  42.48
7905 	  42.48
7910 	  42.47
7915 	  42.48
7920 	  42.48
7925 	  42.48
7930 	  42.47
7935 	  42.47
7940 	  42.47
7945 	  42.48
7950 	  42.47
7955 	  42.48
7960 	  42.48
7965 	  42.48
7970 	  42.48
7975 	  42.48
7980 	  42.48
7985 	  42.48
7990 	  42.48
7995 	  42.48
8000 	  42.48
8005 	  42.48
8010 	  42.48
8015 	  42.48
8020 	  42.48
8025 	  42.48
8030 	  42.48
8035 	  42.49
8040 	  42.49
8045 	  42.49
8050 	  42.48
8055 	  42.48
8060 	  42.48
8065 	  42.48
8070 	  42.48
8075 	  42.48
8080 	  42.48
8085 	  42.48
8090 	  42.49
8095 	  42.49
8100 	  42.49
8105 	  42.49
8110 	  42.49
8115 	  42.48
8120 	  42.49
8125 	  42.48
8130 	  42.49
8135 	  42.49
8140 	  42.49
8145 	  42.48
8150 	  42.48
8155 	  42.49
8160 	  42.49
8165 	  42.49
8170 	  42.49
8175 	  42.49
8180 	  42.48
8185 	  42.49
8190 	  42.48
8195 	  42.49
8200 	  42.48
8205 	  42.49
8210 	  42.49
8215 	  42.49
8220 	  42.49
8225 	  42.49
8230 	  42.49
8235 	  42.49
8240 	  42.49
8245 	  42.49
8250 	  42.49
8255 	  42.49
8260 	  42.49
8265 	  42.49
8270 	  42.49
8275 	  42.49
8280 	  42.49
8285 	  42.48
8290 	  42.48
8295 	  42.49
8300 	  42.48
8305 	  42.48
8310 	  42.48
8315 	  42.48
8320 	  42.48
8325 	  42.48
8330 	  42.48
8335 	  42.47
8340 	  42.47
8345 	  42.47
8350 	  42.47
8355 	  42.47
8360 	  42.47
8365 	  42.47
8370 	  42.48
8375 	  42.47
8380 	  42.48
8385 	  42.48
8390 	  42.48
8395 	  42.48
8400 	  42.48
8405 	  42.48
8410 	  42.48
8415 	  42.48
8420 	  42.47
8425 	  42.47
8430 	  42.48
8435 	  42.47
8440 	  42.47
8445 	  42.47
8450 	  42.47
8455 	  42.47
8460 	  42.47
8465 	  42.48
8470 	  42.48
8475 	  42.48
8480 	  42.48
8485 	  42.48
8490 	  42.48
8495 	  42.48
8500 	  42.48
8505 	  42.48
8510 	  42.48
8515 	  42.48
8520 	  42.48
8525 	  42.48
8530 	  42.48
8535 	  42.48
8540 	  42.49
8545 	  42.48
8550 	  42.48
8555 	  42.49
8560 	  42.48
8565 	  42.49
8570 	  42.48
8575 	  42.48
8580 	  42.48
8585 	  42.48
8590 	  42.48
8595 	  42.48
8600 	  42.47
8605 	  42.48
8610 	  42.48
8615 	  42.48
8620 	  42.48
8625 	  42.48
8630 	  42.48
8635 	  42.48
8640 	  42.48
8645 	  42.47
8650 	  42.47
8655 	  42.47
8660 	  42.47
8665 	  42.47
8670 	  42.47
8675 	  42.47
8680 	  42.47
8685 	  42.47
8690 	  42.47
8695 	  42.46
8700 	  42.47
8705 	  42.47
8710 	  42.46
8715 	  42.46
8720 	  42.47
8725 	  42.47
8730 	  42.47
8735 	  42.47
8740 	  42.47
8745 	  42.47
8750 	  42.47
8755 	  42.47
8760 	  42.47
8765 	  42.46
8770 	  42.47
8775 	  42.47
8780 	  42.47
8785 	  42.47
8790 	  42.47
8795 	  42.47
8800 	  42.46
8805 	  42.46
8810 	  42.47
8815 	  42.47
8820 	  42.46
8825 	  42.46
8830 	  42.46
8835 	  42.45
8840 	  42.45
8845 	  42.45
8850 	  42.45
8855 	  42.45
8860 	  42.45
8865 	  42.45
8870 	  42.45
8875 	  42.45
8880 	  42.46
8885 	  42.46
8890 	  42.46
8895 	  42.46
8900 	  42.46
8905 	  42.46
8910 	  42.47
8915 	  42.46
8920 	  42.46
8925 	  42.46
8930 	  42.46
8935 	  42.46
8940 	  42.46
8945 	  42.46
8950 	  42.46
8955 	  42.47
8960 	  42.47
8965 	  42.46
8970 	  42.47
8975 	  42.46
8980 	  42.47
8985 	  42.47
8990 	  42.47
8995 	  42.47
9000 	  42.48
9005 	  42.48
9010 	  42.47
9015 	  42.48
9020 	  42.47
9025 	  42.47
9030 	  42.47
9035 	  42.46
9040 	  42.47
9045 	  42.47
9050 	  42.46
9055 	  42.46
9060 	  42.47
9065 	  42.47
9070 	  42.46
9075 	  42.46
9080 	  42.46
9085 	  42.47
9090 	  42.46
9095 	  42.46
9100 	  42.46
9105 	  42.46
9110 	  42.46
9115 	  42.46
9120 	  42.46
9125 	  42.46
9130 	  42.46
9135 	  42.46
9140 	  42.47
9145 	  42.47
9150 	  42.47
9155 	  42.47
9160 	  42.47
9165 	  42.47
9170 	  42.47
9175 	  42.47
9180 	  42.47
9185 	  42.47
9190 	  42.47
9195 	  42.47
9200 	  42.47
9205 	  42.47
9210 	  42.47
9215 	  42.48
9220 	  42.48
9225 	  42.48
9230 	  42.48
9235 	  42.48
9240 	  42.48
9245 	  42.48
9250 	  42.48
9255 	  42.48
9260 	  42.47
9265 	  42.47
9270 	  42.47
9275 	  42.47
9280 	  42.47
9285 	  42.46
9290 	  42.46
9295 	  42.46
9300 	  42.46
9305 	  42.47
9310 	  42.46
9315 	  42.46
9320 	  42.46
9325 	  42.46
9330 	  42.46
9335 	  42.45
9340 	  42.46
9345 	  42.46
9350 	  42.46
9355 	  42.46
9360 	  42.46
9365 	  42.46
9370 	  42.46
9375 	  42.46
9380 	  42.46
9385 	  42.46
9390 	  42.45
9395 	  42.46
9400 	  42.46
9405 	  42.46
9410 	  42.46
9415 	  42.46
9420 	  42.46
9425 	  42.46
9430 	  42.46
9435 	  42.46
9440 	  42.46
9445 	  42.46
9450 	  42.46
9455 	  42.46
9460 	  42.46
9465 	  42.46
9470 	  42.46
9475 	  42.46
9480 	  42.46
9485 	  42.46
9490 	  42.46
9495 	  42.46
9500 	  42.47
9505 	  42.47
9510 	  42.47
9515 	  42.47
9520 	  42.47
9525 	  42.48
9530 	  42.47
9535 	  42.47
9540 	  42.47
9545 	  42.48
9550 	  42.47
9555 	  42.47
9560 	  42.47
9565 	  42.47
9570 	  42.48
9575 	  42.47
9580 	  42.48
9585 	  42.48
9590 	  42.47
9595 	  42.47
9600 	  42.47
9605 	  42.48
9610 	  42.48
9615 	  42.48
9620 	  42.48
9625 	  42.48
9630 	  42.48
9635 	  42.49
9640 	  42.49
9645 	  42.48
9650 	  42.49
9655 	  42.48
9660 	  42.48
9665 	  42.48
9670 	  42.48
9675 	  42.48
9680 	  42.48
9685 	  42.48
9690 	  42.48
9695 	  42.49
9700 	  42.49
9705 	  42.49
9710 	  42.48
9715 	  42.49
9720 	  42.49
9725 	  42.49
9730 	  42.49
9735 	  42.49
9740 	  42.48
9745 	  42.49
9750 	  42.49
9755 	  42.48
9760 	  42.48
9765 	  42.48
9770 	  42.48
9775 	  42.48
9780 	  42.48
9785 	  42.48
9790 	  42.48
9795 	  42.48
9800 	  42.48
9805 	  42.48
9810 	  42.48
9815 	  42.49
9820 	  42.49
9825 	  42.49
9830 	  42.49
9835 	  42.48
9840 	  42.48
9845 	  42.49
9850 	  42.49
9855 	  42.49
9860 	  42.49
9865 	  42.49
9870 	  42.49
9875 	  42.49
9880 	  42.49
9885 	  42.49
9890 	  42.49
9895 	  42.49
9900 	  42.50
9905 	  42.50
9910 	  42.50
9915 	  42.50
9920 	  42.50
9925 	  42.50
9930 	  42.50
9935 	  42.50
9940 	  42.49
9945 	  42.50
9950 	  42.49
9955 	  42.50
9960 	  42.49
9965 	  42.50
9970 	  42.50
9975 	  42.50
9980 	  42.50
9985 	  42.50
9990 	  42.50
9995 	  42.50
10000 	  42.50
10005 	  42.50
10010 	  42.50
10015 	  42.50
10020 	  42.50
10025 	  42.50
10030 	  42.50
10035 	  42.51
10040 	  42.51
10045 	  42.51
10050 	  42.50
10055 	  42.51
10060 	  42.50
10065 	  42.50
10070 	  42.50
10075 	  42.50
10080 	  42.50
10085 	  42.50
10090 	  42.50
10095 	  42.50
10100 	  42.50
10105 	  42.50
10110 	  42.50
10115 	  42.50
10120 	  42.50
10125 	  42.50
10130 	  42.51
10135 	  42.51
10140 	  42.51
10145 	  42.51
10150 	  42.50
10155 	  42.51
10160 	  42.51
10165 	  42.50
10170 	  42.51
10175 	  42.51
10180 	  42.50
10185 	  42.51
10190 	  42.51
10195 	  42.51
10200 	  42.51
10205 	  42.51
10210 	  42.51
10215 	  42.51
10220 	  42.51
10225 	  42.51
10230 	  42.51
10235 	  42.51
10240 	  42.52
10245 	  42.52
10250 	  42.52
10255 	  42.53
10260 	  42.52
10265 	  42.52
10270 	  42.52
10275 	  42.52
10280 	  42.52
10285 	  42.52
10290 	  42.51
10295 	  42.51
10300 	  42.52
10305 	  42.52
10310 	  42.52
10315 	  42.52
10320 	  42.51
10325 	  42.52
10330 	  42.52
10335 	  42.52
10340 	  42.52
10345 	  42.52
10350 	  42.52
10355 	  42.52
10360 	  42.52
10365 	  42.52
10370 	  42.52
10375 	  42.52
10380 	  42.52
10385 	  42.52
10390 	  42.52
10395 	  42.52
10400 	  42.52
10405 	  42.52
10410 	  42.52
10415 	  42.52
10420 	  42.52
10425 	  42.52
10430 	  42.52
10435 	  42.53
10440 	  42.53
10445 	  42.53
10450 	  42.53
10455 	  42.53
10460 	  42.53
10465 	  42.53
10470 	  42.53
10475 	  42.53
10480 	  42.53
10485 	  42.53
10490 	  42.53
10495 	  42.53
10500 	  42.53
10505 	  42.52
10510 	  42.53
10515 	  42.53
10520 	  42.53
10525 	  42.53
10530 	  42.53
10535 	  42.52
10540 	  42.52
10545 	  42.52
10550 	  42.52
10555 	  42.53
10560 	  42.52
10565 	  42.52
10570 	  42.52
10575 	  42.52
10580 	  42.52
10585 	  42.52
10590 	  42.52
10595 	  42.53
10600 	  42.52
10605 	  42.53
10610 	  42.52
10615 	  42.52
10620 	  42.53
10625 	  42.53
10630 	  42.53
10635 	  42.53
10640 	  42.53
10645 	  42.53
10650 	  42.53
10655 	  42.53
10660 	  42.53
10665 	  42.53
10670 	  42.53
10675 	  42.53
10680 	  42.53
10685 	  42.53
10690 	  42.53
10695 	  42.53
10700 	  42.53
10705 	  42.53
10710 	  42.53
10715 	  42.53
10720 	  42.53
10725 	  42.54
10730 	  42.54
10735 	  42.53
10740 	  42.53
10745 	  42.53
10750 	  42.53
10755 	  42.53
10760 	  42.53
10765 	  42.53
10770 	  42.53
10775 	  42.53
10780 	  42.54
10785 	  42.54
10790 	  42.53
10795 	  42.54
10800 	  42.54
10805 	  42.54
10810 	  42.54
10815 	  42.54
10820 	  42.54
10825 	  42.54
10830 	  42.54
10835 	  42.54
10840 	  42.54
10845 	  42.54
10850 	  42.54
10855 	  42.54
10860 	  42.54
10865 	  42.53
10870 	  42.54
10875 	  42.54
10880 	  42.54
10885 	  42.53
10890 	  42.53
10895 	  42.53
10900 	  42.53
10905 	  42.53
10910 	  42.53
10915 	  42.53
10920 	  42.53
10925 	  42.53
10930 	  42.54
10935 	  42.54
10940 	  42.54
10945 	  42.54
10950 	  42.53
10955 	  42.54
10960 	  42.54
10965 	  42.54
10970 	  42.53
10975 	  42.54
10980 	  42.54
10985 	  42.53
10990 	  42.53
10995 	  42.53
11000 	  42.53
11005 	  42.54
11010 	  42.54
11015 	  42.54
11020 	  42.54
11025 	  42.54
11030 	  42.54
11035 	  42.54
11040 	  42.54
11045 	  42.54
11050 	  42.54
11055 	  42.54
11060 	  42.54
11065 	  42.53
11070 	  42.54
11075 	  42.54
11080 	  42.54
11085 	  42.54
11090 	  42.54
11095 	  42.54
11100 	  42.54
11105 	  42.54
11110 	  42.53
11115 	  42.54
11120 	  42.54
11125 	  42.54
11130 	  42.54
11135 	  42.54
11140 	  42.54
11145 	  42.54
11150 	  42.54
11155 	  42.54
11160 	  42.54
11165 	  42.54
11170 	  42.54
11175 	  42.53
11180 	  42.54
11185 	  42.54
11190 	  42.54
11195 	  42.54
11200 	  42.54
11205 	  42.54
11210 	  42.54
11215 	  42.54
11220 	  42.53
11225 	  42.53
11230 	  42.53
11235 	  42.54
11240 	  42.54
11245 	  42.54
11250 	  42.54
11255 	  42.54
11260 	  42.54
11265 	  42.54
11270 	  42.54
11275 	  42.54
11280 	  42.54
11285 	  42.53
11290 	  42.54
11295 	  42.54
11300 	  42.54
11305 	  42.54
11310 	  42.54
11315 	  42.54
11320 	  42.53
11325 	  42.53
11330 	  42.53
11335 	  42.53
11340 	  42.53
11345 	  42.53
11350 	  42.53
11355 	  42.53
11360 	  42.53
11365 	  42.53
11370 	  42.53
11375 	  42.53
11380 	  42.53
11385 	  42.53
11390 	  42.53
11395 	  42.53
11400 	  42.53
11405 	  42.53
11410 	  42.53
11415 	  42.53
11420 	  42.53
11425 	  42.53
11430 	  42.53
11435 	  42.53
11440 	  42.52
11445 	  42.52
11450 	  42.52
11455 	  42.53
11460 	  42.53
11465 	  42.53
11470 	  42.53
11475 	  42.52
11480 	  42.52
11485 	  42.53
11490 	  42.53
11495 	  42.53
11500 	  42.53
11505 	  42.53
11510 	  42.53
11515 	  42.53
11520 	  42.53
11525 	  42.53
11530 	  42.52
11535 	  42.53
11540 	  42.53
11545 	  42.53
11550 	  42.53
11555 	  42.52
11560 	  42.52
11565 	  42.52
11570 	  42.52
11575 	  42.52
11580 	  42.52
11585 	  42.52
11590 	  42.52
11595 	  42.53
11600 	  42.53
11605 	  42.53
11610 	  42.53
11615 	  42.53
11620 	  42.53
11625 	  42.53
11630 	  42.53
11635 	  42.53
11640 	  42.53
11645 	  42.52
11650 	  42.52
11655 	  42.52
11660 	  42.52
11665 	  42.52
11670 	  42.52
11675 	  42.52
11680 	  42.52
11685 	  42.52
11690 	  42.53
11695 	  42.53
11700 	  42.52
11705 	  42.52
11710 	  42.52
11715 	  42.53
11720 	  42.53
11725 	  42.52
11730 	  42.52
11735 	  42.52
11740 	  42.53
11745 	  42.53
11750 	  42.53
11755 	  42.53
11760 	  42.53
11765 	  42.53
11770 	  42.53
11775 	  42.53
11780 	  42.53
11785 	  42.53
11790 	  42.53
11795 	  42.53
11800 	  42.53
11805 	  42.53
11810 	  42.53
11815 	  42.53
11820 	  42.54
11825 	  42.53
11830 	  42.53
11835 	  42.53
11840 	  42.53
11845 	  42.53
11850 	  42.53
11855 	  42.53
11860 	  42.53
11865 	  42.54
11870 	  42.54
11875 	  42.54
11880 	  42.54
11885 	  42.54
11890 	  42.54
11895 	  42.54
11900 	  42.54
11905 	  42.54
11910 	  42.54
11915 	  42.54
11920 	  42.54
11925 	  42.54
11930 	  42.54
11935 	  42.54
11940 	  42.54
11945 	  42.54
11950 	  42.54
11955 	  42.53
11960 	  42.53
11965 	  42.53
11970 	  42.53
11975 	  42.53
11980 	  42.53
11985 	  42.53
11990 	  42.53
11995 	  42.53
12000 	  42.53
12005 	  42.53
12010 	  42.53
12015 	  42.53
12020 	  42.53
12025 	  42.53
12030 	  42.53
12035 	  42.53
12040 	  42.53
12045 	  42.53
12050 	  42.53
12055 	  42.53
12060 	  42.53
12065 	  42.52
12070 	  42.52
12075 	  42.52
12080 	  42.52
12085 	  42.52
12090 	  42.53
12095 	  42.53
12100 	  42.53
12105 	  42.53
12110 	  42.53
12115 	  42.52
12120 	  42.52
12125 	  42.52
12130 	  42.53
12135 	  42.53
12140 	  42.53
12145 	  42.52
12150 	  42.52
12155 	  42.53
12160 	  42.52
12165 	  42.52
12170 	  42.52
12175 	  42.52
12180 	  42.52
12185 	  42.52
12190 	  42.52
12195 	  42.51
12200 	  42.51
12205 	  42.51
12210 	  42.51
12215 	  42.51
12220 	  42.51
12225 	  42.51
12230 	  42.50
12235 	  42.51
12240 	  42.50
12245 	  42.50
12250 	  42.50
12255 	  42.50
12260 	  42.50
12265 	  42.50
12270 	  42.50
12275 	  42.50
12280 	  42.50
12285 	  42.50
12290 	  42.50
12295 	  42.50
12300 	  42.50
12305 	  42.49
12310 	  42.50
12315 	  42.50
12320 	  42.50
12325 	  42.50
12330 	  42.50
12335 	  42.50
12340 	  42.50
12345 	  42.50
12350 	  42.50
12355 	  42.50
12360 	  42.51
12365 	  42.51
12370 	  42.50
12375 	  42.51
12380 	  42.50
12385 	  42.51
12390 	  42.50
12395 	  42.50
12400 	  42.50
12405 	  42.50
12410 	  42.50
12415 	  42.51
12420 	  42.51
12425 	  42.50
12430 	  42.50
12435 	  42.50
12440 	  42.49
12445 	  42.49
12450 	  42.49
12455 	  42.49
12460 	  42.49
12465 	  42.49
12470 	  42.49
12475 	  42.49
12480 	  42.50
12485 	  42.50
12490 	  42.50
12495 	  42.50
12500 	  42.50
12505 	  42.50
12510 	  42.50
12515 	  42.49
12520 	  42.49
12525 	  42.49
12530 	  42.49
12535 	  42.49
12540 	  42.49
12545 	  42.49
12550 	  42.49
12555 	  42.49
12560 	  42.49
12565 	  42.49
12570 	  42.49
12575 	  42.49
12580 	  42.49
12585 	  42.49
12590 	  42.49
12595 	  42.49
12600 	  42.49
12605 	  42.49
12610 	  42.49
12615 	  42.49
12620 	  42.49
12625 	  42.49
12630 	  42.49
12635 	  42.49
12640 	  42.49
12645 	  42.49
12650 	  42.49
12655 	  42.49
12660 	  42.49
12665 	  42.49
12670 	  42.49
12675 	  42.49
12680 	  42.49
12685 	  42.49
12690 	  42.49
12695 	  42.49
12700 	  42.49
12705 	  42.49
12710 	  42.49
12715 	  42.49
12720 	  42.49
12725 	  42.50
12730 	  42.50
12735 	  42.50
12740 	  42.50
12745 	  42.49
12750 	  42.49
12755 	  42.49
12760 	  42.49
12765 	  42.50
12770 	  42.49
12775 	  42.50
12780 	  42.49
12785 	  42.49
12790 	  42.49
12795 	  42.49
12800 	  42.49
12805 	  42.48
12810 	  42.48
12815 	  42.49
12820 	  42.49
12825 	  42.49
12830 	  42.49
12835 	  42.49
12840 	  42.49
12845 	  42.49
12850 	  42.49
12855 	  42.49
12860 	  42.48
12865 	  42.48
12870 	  42.48
12875 	  42.48
12880 	  42.48
12885 	  42.48
12890 	  42.48
12895 	  42.48
12900 	  42.48
12905 	  42.48
12910 	  42.48
12915 	  42.48
12920 	  42.48
12925 	  42.48
12930 	  42.48
12935 	  42.48
12940 	  42.48
12945 	  42.48
12950 	  42.48
12955 	  42.48
12960 	  42.48
12965 	  42.48
12970 	  42.48
12975 	  42.48
12980 	  42.48
12985 	  42.48
12990 	  42.47
12995 	  42.47
13000 	  42.47
13005 	  42.47
13010 	  42.47
13015 	  42.47
13020 	  42.47
13025 	  42.47
13030 	  42.47
13035 	  42.47
13040 	  42.47
13045 	  42.47
13050 	  42.47
13055 	  42.47
13060 	  42.47
13065 	  42.47
13070 	  42.47
13075 	  42.47
13080 	  42.47
13085 	  42.47
13090 	  42.46
13095 	  42.47
13100 	  42.47
13105 	  42.46
13110 	  42.46
13115 	  42.46
13120 	  42.46
13125 	  42.47
13130 	  42.47
13135 	  42.46
13140 	  42.46
13145 	  42.46
13150 	  42.46
13155 	  42.46
13160 	  42.46
13165 	  42.47
13170 	  42.46
13175 	  42.46
13180 	  42.46
13185 	  42.46
13190 	  42.46
13195 	  42.46
13200 	  42.46
13205 	  42.46
13210 	  42.46
13215 	  42.46
13220 	  42.46
13225 	  42.46
13230 	  42.46
13235 	  42.46
13240 	  42.46
13245 	  42.46
13250 	  42.46
13255 	  42.46
13260 	  42.46
13265 	  42.46
13270 	  42.46
13275 	  42.46
13280 	  42.46
13285 	  42.46
13290 	  42.46
13295 	  42.46
13300 	  42.46
13305 	  42.46
13310 	  42.46
13315 	  42.45
13320 	  42.46
13325 	  42.46
13330 	  42.45
13335 	  42.45
13340 	  42.45
13345 	  42.46
13350 	  42.46
13355 	  42.46
13360 	  42.46
13365 	  42.46
13370 	  42.45
13375 	  42.45
13380 	  42.45
13385 	  42.45
13390 	  42.45
13395 	  42.45
13400 	  42.45
13405 	  42.44
13410 	  42.45
13415 	  42.45
13420 	  42.45
13425 	  42.45
13430 	  42.45
13435 	  42.45
13440 	  42.45
13445 	  42.45
13450 	  42.45
13455 	  42.45
13460 	  42.45
13465 	  42.45
13470 	  42.45
13475 	  42.45
13480 	  42.45
13485 	  42.45
13490 	  42.45
13495 	  42.45
13500 	  42.45
13505 	  42.45
13510 	  42.45
13515 	  42.45
13520 	  42.45
13525 	  42.45
13530 	  42.45
13535 	  42.45
13540 	  42.45
13545 	  42.45
13550 	  42.45
13555 	  42.45
13560 	  42.45
13565 	  42.45
13570 	  42.45
13575 	  42.45
13580 	  42.45
13585 	  42.45
13590 	  42.46
13595 	  42.46
13600 	  42.46
13605 	  42.46
13610 	  42.45
13615 	  42.45
13620 	  42.45
13625 	  42.45
13630 	  42.45
13635 	  42.45
13640 	  42.45
13645 	  42.45
13650 	  42.45
13655 	  42.44
13660 	  42.44
13665 	  42.45
13670 	  42.45
13675 	  42.45
13680 	  42.45
13685 	  42.45
13690 	  42.45
13695 	  42.45
13700 	  42.45
13705 	  42.45
13710 	  42.45
13715 	  42.45
13720 	  42.45
13725 	  42.45
13730 	  42.45
13735 	  42.46
13740 	  42.46
13745 	  42.46
13750 	  42.45
13755 	  42.45
13760 	  42.45
13765 	  42.45
13770 	  42.45
13775 	  42.46
13780 	  42.46
13785 	  42.45
13790 	  42.45
13795 	  42.45
13800 	  42.45
13805 	  42.45
13810 	  42.45
13815 	  42.45
13820 	  42.45
13825 	  42.45
13830 	  42.45
13835 	  42.45
13840 	  42.45
13845 	  42.45
13850 	  42.45
13855 	  42.45
13860 	  42.45
13865 	  42.45
13870 	  42.45
13875 	  42.45
13880 	  42.45
13885 	  42.45
13890 	  42.45
13895 	  42.46
13900 	  42.46
13905 	  42.46
13910 	  42.46
13915 	  42.46
13920 	  42.46
13925 	  42.46
13930 	  42.46
13935 	  42.46
13940 	  42.46
13945 	  42.46
13950 	  42.46
13955 	  42.46
13960 	  42.46
13965 	  42.46
13970 	  42.46
13975 	  42.46
13980 	  42.46
13985 	  42.45
13990 	  42.45
13995 	  42.46
14000 	  42.45
14005 	  42.46
14010 	  42.46
14015 	  42.45
14020 	  42.45
14025 	  42.45
14030 	  42.46
14035 	  42.46
14040 	  42.46
14045 	  42.46
14050 	  42.46
14055 	  42.46
14060 	  42.46
14065 	  42.46
14070 	  42.46
14075 	  42.46
14080 	  42.46
14085 	  42.46
14090 	  42.45
14095 	  42.45
14100 	  42.45
14105 	  42.45
14110 	  42.45
14115 	  42.45
14120 	  42.45
14125 	  42.46
14130 	  42.46
14135 	  42.46
14140 	  42.46
14145 	  42.45
14150 	  42.46
14155 	  42.46
14160 	  42.45
14165 	  42.46
14170 	  42.46
14175 	  42.46
14180 	  42.46
14185 	  42.46
14190 	  42.46
14195 	  42.46
14200 	  42.46
14205 	  42.46
14210 	  42.45
14215 	  42.46
14220 	  42.46
14225 	  42.46
14230 	  42.46
14235 	  42.46
14240 	  42.46
14245 	  42.46
14250 	  42.46
14255 	  42.46
14260 	  42.46
14265 	  42.46
14270 	  42.46
14275 	  42.46
14280 	  42.46
14285 	  42.46
14290 	  42.46
14295 	  42.46
14300 	  42.46
14305 	  42.46
14310 	  42.46
14315 	  42.46
14320 	  42.46
14325 	  42.46
14330 	  42.46
14335 	  42.46
14340 	  42.46
14345 	  42.47
14350 	  42.47
14355 	  42.47
14360 	  42.47
14365 	  42.47
14370 	  42.47
14375 	  42.47
14380 	  42.47
14385 	  42.47
14390 	  42.47
14395 	  42.47
14400 	  42.47
14405 	  42.47
14410 	  42.47
14415 	  42.47
14420 	  42.47
14425 	  42.47
14430 	  42.47
14435 	  42.47
14440 	  42.47
14445 	  42.47
14450 	  42.47
14455 	  42.47
14460 	  42.47
14465 	  42.46
14470 	  42.47
14475 	  42.46
14480 	  42.47
14485 	  42.47
14490 	  42.47
14495 	  42.47
14500 	  42.47
14505 	  42.47
14510 	  42.47
14515 	  42.47
14520 	  42.47
14525 	  42.47
14530 	  42.47
14535 	  42.48
14540 	  42.47
14545 	  42.47
14550 	  42.47
14555 	  42.47
14560 	  42.48
14565 	  42.48
14570 	  42.47
14575 	  42.47
14580 	  42.48
14585 	  42.47
14590 	  42.47
14595 	  42.47
14600 	  42.47
14605 	  42.47
14610 	  42.47
14615 	  42.47
14620 	  42.47
14625 	  42.48
14630 	  42.48
14635 	  42.48
14640 	  42.48
14645 	  42.48
14650 	  42.48
14655 	  42.48
14660 	  42.48
14665 	  42.48
14670 	  42.48
14675 	  42.48
14680 	  42.48
14685 	  42.48
14690 	  42.48
14695 	  42.48
14700 	  42.48
14705 	  42.48
14710 	  42.48
14715 	  42.48
14720 	  42.48
14725 	  42.48
14730 	  42.47
14735 	  42.48
14740 	  42.48
14745 	  42.48
14750 	  42.48
14755 	  42.48
14760 	  42.48
14765 	  42.48
14770 	  42.48
14775 	  42.48
14780 	  42.47
14785 	  42.47
14790 	  42.47
14795 	  42.47
14800 	  42.47
14805 	  42.48
14810 	  42.47
14815 	  42.47
14820 	  42.47
14825 	  42.47
14830 	  42.47
14835 	  42.47
14840 	  42.47
14845 	  42.47
14850 	  42.47
14855 	  42.47
14860 	  42.47
14865 	  42.47
14870 	  42.47
14875 	  42.47
14880 	  42.47
14885 	  42.47
14890 	  42.47
14895 	  42.47
14900 	  42.47
14905 	  42.47
14910 	  42.47
14915 	  42.47
14920 	  42.47
14925 	  42.47
14930 	  42.47
14935 	  42.47
14940 	  42.47
14945 	  42.47
14950 	  42.47
14955 	  42.47
14960 	  42.46
14965 	  42.46
14970 	  42.46
14975 	  42.46
14980 	  42.46
14985 	  42.46
14990 	  42.46
14995 	  42.46
15000 	  42.46
15005 	  42.46
15010 	  42.46
15015 	  42.46
15020 	  42.46
15025 	  42.46
15030 	  42.46
15035 	  42.46
15040 	  42.47
15045 	  42.46
15050 	  42.46
15055 	  42.46
15060 	  42.46
15065 	  42.46
15070 	  42.46
15075 	  42.47
15080 	  42.47
15085 	  42.46
15090 	  42.46
15095 	  42.47
15100 	  42.47
15105 	  42.46
15110 	  42.46
15115 	  42.46
15120 	  42.46
15125 	  42.46
15130 	  42.46
15135 	  42.46
15140 	  42.46
15145 	  42.46
15150 	  42.47
15155 	  42.47
15160 	  42.47
15165 	  42.46
15170 	  42.46
15175 	  42.46
15180 	  42.47
15185 	  42.47
15190 	  42.47
15195 	  42.47
15200 	  42.47
15205 	  42.47
15210 	  42.47
15215 	  42.47
15220 	  42.47
15225 	  42.47
15230 	  42.47
15235 	  42.46
15240 	  42.46
15245 	  42.47
15250 	  42.46
15255 	  42.47
15260 	  42.46
15265 	  42.47
15270 	  42.47
15275 	  42.46
15280 	  42.46
15285 	  42.47
15290 	  42.47
15295 	  42.47
15300 	  42.47
15305 	  42.47
15310 	  42.47
15315 	  42.47
15320 	  42.47
15325 	  42.46
15330 	  42.46
15335 	  42.47
15340 	  42.47
15345 	  42.46
15350 	  42.46
15355 	  42.47
15360 	  42.47
15365 	  42.47
15370 	  42.47
15375 	  42.47
15380 	  42.47
15385 	  42.47
15390 	  42.47
15395 	  42.47
15400 	  42.47
15405 	  42.47
15410 	  42.47
15415 	  42.47
15420 	  42.46
15425 	  42.46
15430 	  42.46
15435 	  42.46
15440 	  42.46
15445 	  42.46
15450 	  42.46
15455 	  42.46
15460 	  42.46
15465 	  42.45
15470 	  42.46
15475 	  42.46
15480 	  42.46
15485 	  42.45
15490 	  42.45
15495 	  42.45
15500 	  42.46
15505 	  42.46
15510 	  42.46
15515 	  42.46
15520 	  42.46
15525 	  42.46
15530 	  42.46
