1 5,53 5,53 0,00
2 21,98 13,75 8,23
3 20,35 15,95 7,40
4 48,18 24,01 15,36
5 9,06 21,02 14,98
6 21,65 21,12 13,68
7 8,03 19,25 13,47
8 9,07 17,98 13,04
9 14,61 17,61 12,34
10 18,40 17,69 11,71
11 10,70 17,05 11,34
12 0,23 15,65 11,81
13 16,70 15,73 11,35
14 1,80 14,74 11,51
15 4,61 14,06 11,41
16 1,63 13,28 11,45
17 0,79 12,55 11,49
18 6,52 12,21 11,25
19 1,49 11,65 11,21
20 28,90 12,51 11,55
21 22,14 12,97 11,46
22 15,47 13,08 11,21
23 6,04 12,78 11,05
24 5,33 12,47 10,92
25 9,88 12,36 10,71
26 2,29 11,98 10,68
27 8,16 11,84 10,51
28 32,68 12,58 11,02
29 94,57 15,41 18,47
30 23,76 15,69 18,22
31 44,54 16,62 18,63
32 26,32 16,92 18,42
33 38,87 17,58 18,52
34 7,40 17,28 18,33
35 14,76 17,21 18,07
36 37,53 17,78 18,13
37 10,18 17,57 17,92
38 0,83 17,13 17,89
39 5,31 16,83 17,76
40 33,58 17,25 17,73
41 1,56 16,86 17,68
42 4,75 16,58 17,56
43 9,74 16,42 17,39
44 16,87 16,43 17,19
45 10,35 16,29 17,02
46 26,50 16,51 16,90
47 18,65 16,56 16,72
48 11,74 16,46 16,56
49 9,87 16,32 16,42
50 16,80 16,33 16,25
51 14,56 16,30 16,09
52 19,45 16,36 15,94
53 2,25 16,09 15,91
54 11,85 16,02 15,77
55 27,59 16,23 15,70
56 51,85 16,86 16,26
57 12,56 16,79 16,13
58 50,91 17,37 16,60
59 4,61 17,16 16,54
60 0,19 16,88 16,54
61 25,76 17,02 16,44
62 16,54 17,01 16,31
63 4,86 16,82 16,25
64 20,50 16,88 16,13
65 17,12 16,88 16,01
66 41,65 17,26 16,17
67 0,05 17,00 16,18
68 11,69 16,92 16,08
69 23,04 17,01 15,98
70 10,71 16,92 15,88
71 38,50 17,22 15,97
72 4,57 17,05 15,93
73 51,16 17,52 16,31
74 43,17 17,86 16,47
75 3,07 17,67 16,44
76 10,21 17,57 16,36
77 21,30 17,62 16,26
78 34,03 17,83 16,26
79 3,97 17,65 16,23
80 31,85 17,83 16,20
81 5,00 17,67 16,17
82 11,08 17,59 16,08
83 52,13 18,01 16,42
84 0,70 17,80 16,43
85 19,76 17,82 16,34
86 38,55 18,06 16,39
87 8,43 17,95 16,33
88 4,43 17,80 16,30
89 39,44 18,04 16,37
90 2,81 17,87 16,36
91 39,86 18,11 16,43
92 2,68 17,95 16,42
93 3,06 17,79 16,40
94 8,23 17,69 16,34
95 20,43 17,71 16,26
96 1,60 17,55 16,26
97 3,11 17,40 16,24
98 5,09 17,27 16,20
99 15,13 17,25 16,12
100 40,47 17,48 16,21
101 4,19 17,35 16,18
