5.385000
1.051000
3.295800
6.132000
3.290500
1.062300
1.784300
2.757700
2.103000
4.068200
1.281800
0.415000
0.695800
3.488400
4.856000
0.903000
2.635300
2.090900
2.994200
2.249100
4.446500
4.126400
3.159700
6.920000
2.885200
6.500900
1.779400
0.510900
3.126400
2.009200
5.366400
2.667800
1.367900
2.776400
2.625800
1.957700
3.038400
2.107400
2.653600
0.494800
3.217000
1.952300
1.979000
2.998200
9.290700
2.341800
5.011600
1.357600
4.042500
2.497200
6.564900
1.291100
3.520900
1.245200
1.082300
1.149500
1.666800
3.062300
6.780700
0.893900
4.694500
3.024900
0.707000
2.342600
4.163500
5.070000
4.695300
1.539300
4.671100
2.629100
0.791600
4.939600
4.658500
3.772300
1.149000
1.612000
1.219800
1.583100
1.241500
5.656200
1.763300
2.112700
3.152900
2.712100
1.409500
2.196100
2.612800
1.159000
2.136200
0.350000
2.115400
4.169300
2.068500
3.090100
2.254800
1.410700
2.707100
4.873400
4.441500
3.929000
2.365800
1.290500
1.335400
0.962400
5.463300
2.671700
3.273200
2.511400
1.218900
3.118800
1.291200
3.244200
4.614100
3.268500
4.015600
1.825100
2.519600
2.517800
4.358600
3.146900
2.899800
3.112500
1.330600
1.132400
2.106400
6.130400
2.767400
3.128800
8.168900
3.486000
2.441400
3.891100
2.297900
0.831100
3.392300
4.073900
0.639100
3.293300
2.133600
2.773500
2.334600
0.832500
6.169400
5.494800
1.552600
3.072400
2.533000
1.242900
2.896600
1.003700
1.084400
1.823400
3.740900
10.826300
2.355200
2.673700
2.736800
3.114100
2.892000
1.872800
8.064100
1.701700
3.034000
1.648500
1.180100
4.561900
1.522400
2.170400
3.470100
2.091400
3.043000
1.872000
4.190400
6.263500
4.135800
3.937700
7.186000
5.005400
4.732100
2.419600
4.416500
0.767800
3.547200
2.330000
2.805800
1.360500
5.672000
3.344800
4.908500
4.964400
3.329800
4.040300
2.417800
2.037400
2.843600
2.609300
0.462200
1.728300
1.122900
4.623200
5.863300
0.501800
1.826700
2.247000
2.586600
6.712600
3.738600
1.446900
7.769600
3.334200
3.137500
1.441000
3.206200
1.282800
1.889400
1.423400
5.739600
7.474600
4.895600
2.104600
2.791400
2.554500
4.274900
4.466100
4.573600
4.653600
4.502200
3.101700
1.059200
2.997300
3.963900
3.156300
1.063900
3.727500
1.614100
4.564400
2.026300
4.374600
2.765000
2.789100
3.532200
0.220300
1.543000
5.531600
0.839000
4.046900
3.594900
2.026200
4.298800
7.531100
5.382800
3.175500
1.101500
3.110900
2.219000
3.331800
5.726300
1.038400
4.104100
1.485300
1.630000
0.540300
4.224800
3.575500
2.091200
2.377200
0.790300
4.541000
5.119100
3.392200
3.340900
5.844100
2.610200
3.893300
4.744000
3.086700
2.390200
1.464600
3.151500
2.457200
8.821300
0.463400
3.903900
6.202200
1.298500
2.184600
5.822700
1.506300
1.460100
3.787600
3.915900
1.920900
1.766600
6.400900
7.102600
6.207200
5.255600
5.134900
4.856100
2.859300
4.054700
5.331300
3.323800
1.142400
2.063300
1.751600
7.935000
1.700500
1.923800
3.058600
2.553600
0.621100
0.875500
1.212800
2.364600
1.994400
5.078400
2.578200
2.499100
4.772900
2.451400
2.269800
0.542800
1.791800
3.002800
3.690500
5.163600
15.802900
2.387500
3.548700
5.959200
2.186300
1.164400
3.020500
3.013900
5.080700
1.460200
2.946800
1.634900
1.672400
2.782400
1.086400
1.388800
5.959600
2.301800
4.147700
8.032400
3.253400
2.357800
5.300900
2.489400
1.925000
1.913000
5.043800
1.315400
5.811900
4.655000
1.990500
4.122400
4.931100
0.548000
1.740400
2.378300
3.888300
4.061900
3.208500
1.778700
4.392700
4.206400
1.129400
2.381400
7.490100
1.499100
1.978600
2.603000
0.801600
1.779200
1.565600
3.848700
0.466400
0.698300
3.530800
1.901100
4.783100
6.837400
2.508400
5.513200
2.671800
1.174600
2.467500
1.943400
1.035700
3.131200
2.800800
1.345600
5.650900
2.526600
4.406800
2.831700
1.203700
0.555700
2.605000
1.216100
3.740900
3.272200
2.979800
0.773000
4.878000
1.852700
3.253000
4.250900
2.512400
1.025600
1.887900
1.575800
8.382400
3.996400
4.490100
3.228900
0.336100
2.751100
0.623000
5.345200
2.616100
5.466100
2.515700
0.680700
3.520200
1.847300
1.810800
1.856600
1.578300
3.070300
1.865400
4.547600
4.926100
2.323900
1.581700
4.019700
2.050600
1.599800
1.939600
0.906300
1.604500
4.809200
1.819200
3.468400
0.759200
1.118100
0.598600
2.713200
3.237100
5.325500
6.790900
6.598500
2.470800
3.645400
1.780600
2.231300
0.758200
0.982600
1.492000
3.539300
6.802600
2.002800
4.680000
2.382600
1.970000
4.961600
1.731500
2.980900
4.637100
1.781000
1.202000
2.366100
2.020500
1.196100
1.201500
2.935400
1.387300
2.578700
2.517700
3.510700
3.018900
1.990600
2.964300
1.145300
4.402300
2.115200
3.714100
3.052600
4.434700
2.741800
1.693900
1.787500
5.233800
3.096100
2.034200
1.244000
4.983700
