0.796915 
1.050608 
3.253153 
2.408234 
3.986488 
12.061161 
3.448391 
4.884666 
10.065759 
24.482390 
7.769212 
0.491175 
25.264706 
1.494758 
3.959836 
7.047771 
14.132720 
18.169942 
2.615790 
1.374209 
1.298433 
3.978175 
3.229124 
0.014738 
5.210636 
11.593574 
0.636526 
9.370068 
4.877737 
25.265644 
3.206698 
2.961861 
6.230861 
7.838840 
5.386623 
0.828358 
1.553543 
4.689441 
2.929626 
7.420181 
7.634456 
12.070561 
21.307194 
17.251080 
1.915692 
16.641954 
22.349665 
1.287386 
0.755384 
11.479989 
3.286636 
0.091865 
3.031687 
3.664370 
7.044006 
3.329904 
0.054802 
3.926458 
6.323955 
5.154146 
0.097313 
3.776859 
5.351623 
0.180566 
1.866264 
9.547415 
1.168436 
11.422721 
4.246740 
6.650357 
5.989756 
0.729518 
3.397208 
0.387318 
2.934658 
4.553147 
7.411505 
18.052558 
3.838895 
12.797478 
11.726133 
16.895356 
1.579466 
3.665521 
2.878656 
5.245427 
4.738749 
9.340885 
6.814078 
0.871966 
5.187138 
8.617565 
29.633047 
13.305603 
20.990694 
5.305563 
7.686833 
9.072507 
13.168960 
9.553471 
12.265718 
5.933212 
8.739423 
1.681818 
5.575386 
0.293557 
4.387674 
0.994967 
12.786482 
6.737849 
4.141771 
0.166799 
6.837724 
6.661181 
3.797336 
9.350876 
9.740652 
1.286247 
5.855706 
4.204144 
34.967684 
1.990947 
4.818229 
7.835066 
0.299636 
7.321087 
1.917662 
1.900000 
5.019477 
36.848695 
1.952280 
2.567232 
19.619344 
9.378302 
3.359219 
3.260657 
10.687635 
1.207467 
20.577626 
2.040639 
3.839529 
3.168128 
7.497385 
0.704419 
1.217183 
2.408482 
7.344707 
3.304564 
1.729399 
8.525054 
4.635119 
15.981451 
9.588398 
1.523671 
1.075661 
11.009095 
11.552739 
1.442101 
0.198040 
5.130379 
3.517419 
18.097713 
23.682916 
14.110362 
3.789794 
4.684303 
1.599401 
21.020366 
8.678320 
10.628640 
3.713392 
1.688364 
0.195507 
5.389619 
7.962526 
3.945403 
0.330075 
2.671289 
5.142251 
8.435870 
3.178591 
5.010238 
14.242258 
4.200579 
4.922817 
2.869376 
0.606210 
4.060198 
16.767919 
12.751721 
19.686656 
9.752191 
19.808772 
15.503127 
7.164202 
11.226363 
15.308691 
1.526315 
11.530217 
2.725754 
22.093446 
2.334177 
4.636945 
3.480928 
2.300663 
5.020708 
1.036978 
3.621732 
16.690741 
0.487238 
7.453924 
0.615764 
11.793086 
23.262016 
2.981126 
4.660471 
15.831331 
0.319385 
20.192814 
33.193165 
24.412371 
27.319356 
6.427356 
2.591094 
10.435943 
2.187443 
15.588433 
4.554069 
25.383798 
1.895303 
11.833778 
13.960378 
1.124234 
0.295269 
10.933566 
1.223659 
11.439951 
7.631365 
7.495817 
3.459285 
3.234167 
17.347973 
7.965907 
16.323062 
1.496734 
4.027544 
5.464144 
3.320468 
5.484532 
8.324480 
3.025744 
12.042687 
6.676057 
29.823420 
7.061955 
5.866785 
5.159726 
3.963338 
2.967551 
2.299210 
2.496660 
30.260227 
13.458635 
20.893568 
16.733935 
3.924771 
21.599217 
15.777506 
1.801555 
3.209798 
13.921718 
10.103787 
0.414329 
1.910605 
1.723614 
5.305704 
0.926510 
2.564960 
0.579546 
4.865841 
0.524339 
7.636660 
18.459676 
2.539775 
4.440007 
1.842813 
7.734029 
16.189378 
11.480275 
9.921069 
6.881369 
6.055714 
4.748768 
11.985347 
5.543272 
21.583267 
13.892174 
12.089007 
6.439958 
24.713706 
1.313911 
46.759763 
3.349507 
16.171512 
6.332151 
3.699278 
15.869434 
2.958462 
1.865166 
20.540246 
6.149246 
1.838180 
0.797920 
2.754355 
2.512386 
11.855274 
1.215423 
0.671967 
2.760673 
8.086103 
2.045531 
6.760635 
3.102560 
9.713305 
1.356046 
0.820253 
5.141814 
2.043010 
7.070322 
6.332491 
3.089248 
10.062274 
2.132170 
18.786373 
12.558294 
1.351559 
6.563611 
11.479215 
2.897099 
8.856090 
1.115503 
9.233798 
8.025000 
20.004053 
2.249991 
0.389426 
0.701465 
9.205990 
2.585462 
19.824369 
1.846328 
2.441051 
4.694274 
3.487580 
1.280255 
1.295735 
25.998432 
1.873965 
3.559079 
1.750437 
13.427141 
0.923289 
13.064031 
7.255319 
0.944615 
5.460811 
13.206379 
23.143816 
8.959968 
11.279398 
1.311466 
0.182539 
4.702118 
0.279738 
41.694520 
0.077019 
1.550056 
1.789292 
19.111392 
3.880350 
5.480869 
1.180476 
0.081405 
0.770801 
1.028583 
4.208293 
7.935792 
1.649617 
5.081110 
5.865874 
11.511352 
1.861985 
1.052025 
10.661338 
8.242394 
36.033271 
3.426993 
1.593589 
0.354641 
7.133102 
5.759732 
10.246460 
0.121356 
7.219742 
15.110074 
1.934640 
1.179927 
11.661078 
4.907855 
1.691210 
4.120120 
2.232700 
4.669850 
0.806045 
2.398024 
4.707452 
12.103352 
1.326785 
5.080715 
1.997296 
3.843827 
4.620926 
3.236872 
7.656631 
0.895233 
20.362337 
5.163288 
1.424596 
7.764912 
2.422696 
0.445529 
6.034136 
9.703965 
0.627759 
4.893174 
20.438364 
22.242919 
8.775177 
10.610332 
8.853350 
11.846002 
3.533094 
2.019752 
7.332869 
10.148837 
1.362312 
8.251264 
12.212891 
1.315123 
18.600904 
2.555883 
7.527594 
2.699134 
3.094199 
8.752918 
15.498850 
3.808883 
31.634459 
22.479508 
6.243915 
6.422953 
1.419237 
4.996393 
1.172911 
17.216873 
0.949050 
2.042558 
2.581560 
2.861897 
12.542025 
4.825862 
0.785163 
9.973028 
1.101952 
26.419471 
18.503783 
0.025822 
9.281232 
12.978169 
4.665245 
11.546633 
0.725381 
7.816337 
11.877927 
12.542082 
5.819983 
4.339569 
2.354483 
7.620860 
2.376435 
6.975012 
6.194272 
11.373067 
2.027568 
0.141615 
9.532414 
7.962904 
2.171208 
15.620271 
0.781414 
7.177198 
25.252616 
18.965968 
3.028457 
22.451668 
12.724260 
2.005415 
4.674010 
12.268717 
1.191532 
3.214613 
13.191465 
3.094275 
0.384085 
1.932527 
0.713956 
6.201541 
4.579203 
1.925292 
1.781533 
4.525567 
1.710201 
1.221025 
5.595632 
16.315121 
14.359445 
1.704568 
8.942189 
7.752430 
14.867956 
0.333936 
8.728962 
4.859287 
4.967602 
8.695398 
12.321533 
0.294824 
13.149904 
8.239431 
8.402796 
13.733597 
11.930396 
15.569376 
2.349772 
4.115653 
1.301960 
7.089173 
14.528399 
1.632194 
4.563164 
7.844417 
0.606217 
4.618059 
1.144037 
1.325267 
13.497995 
5.207159 
3.793841 
8.999017 
4.334779 
4.995857 
2.941467 
2.908029 
4.914677 
5.408163 
11.783315 
4.269467 
16.970997 
6.951078 
5.580176 
18.633301 
19.612147 
9.084308 
0.692543 
0.280217 
1.326641 
8.303778 
12.098705 
4.634452 
5.201639 
2.692010 
19.241497 
3.430550 
1.878877 
2.587041 
4.377411 
2.427579 
14.549329 
2.436075 
2.177791 
1.280459 
2.908539 
12.243554 
0.210415 
3.549113 
13.570030 
3.338603 
2.165259 
11.075930 
26.296862 
3.009341 
2.691723 
6.227651 
6.126531 
0.388700 
3.121716 
4.001642 
15.175030 
9.232553 
3.420183 
3.676322 
3.831548 
5.535360 
1.796050 
0.041752 
0.411151 
6.056417 
5.347924 
1.111126 
29.991861 
12.625431 
11.036662 
1.322092 
9.198395 
1.942322 
2.648457 
13.044838 
1.076482 
7.327280 
1.908344 
3.014487 
3.558261 
12.237305 
5.310400 
2.435816 
0.040207 
4.390078 
32.155671 
8.554187 
11.229461 
1.417946 
1.893254 
0.247956 
19.812763 
5.061108 
9.033557 
1.174799 
17.935954 
17.523108 
9.259160 
3.109298 
5.804784 
10.407730 
3.248786 
3.160460 
0.073821 
3.390266 
5.977895 
2.561543 
9.397480 
25.027276 
0.791653 
9.644167 
5.621412 
8.063723 
5.775235 
7.743965 
6.102402 
6.198334 
3.118328 
4.498511 
2.375425 
7.803031 
9.670924 
30.932319 
4.284945 
13.228267 
11.504015 
4.288519 
1.631366 
21.173127 
4.035285 
5.647129 
28.158946 
9.289172 
3.304365 
3.187970 
5.630868 
14.601549 
1.409990 
3.662996 
0.140613 
25.422090 
1.976530 
6.651196 
11.709612 
5.568553 
10.743386 
2.910706 
8.117842 
0.313453 
12.986397 
3.196704 
9.088413 
12.139503 
2.467079 
15.644951 
2.982389 
1.338421 
13.129861 
5.461583 
2.368838 
2.534473 
0.161266 
3.089891 
6.711281 
2.938122 
1.416981 
11.428861 
9.236869 
2.941285 
5.057537 
10.373812 
3.132561 
2.285273 
0.219113 
5.929436 
5.655278 
0.321606 
5.986970 
18.800954 
8.303131 
4.310929 
11.894703 
0.055542 
4.736902 
2.134004 
2.075849 
3.289645 
28.665911 
0.856330 
1.739864 
0.215667 
5.367394 
6.417394 
13.891721 
3.497056 
12.926263 
1.766528 
1.280975 
2.543414 
18.205216 
3.701504 
20.350397 
0.195895 
1.027249 
5.022104 
12.671769 
1.984524 
1.160899 
11.187839 
2.575216 
0.501451 
27.878923 
4.320556 
7.455160 
0.162691 
21.999859 
6.680204 
0.018159 
0.424414 
9.485940 
2.469020 
2.513161 
5.574192 
2.783251 
4.387728 
2.829116 
2.374888 
0.241358 
0.003583 
8.503036 
4.726993 
4.947284 
8.512990 
13.287043 
11.154516 
8.961271 
2.486113 
0.269071 
2.154437 
28.573500 
3.961808 
3.106543 
3.313335 
17.829139 
7.782276 
9.240502 
0.262629 
4.815872 
4.921227 
16.850722 
5.901227 
44.020342 
2.964713 
4.397612 
8.978895 
0.284649 
5.215827 
11.533488 
7.662888 
5.852978 
2.498769 
1.272219 
31.320776 
13.311327 
13.137495 
6.481100 
8.554529 
4.745752 
2.148921 
0.068820 
2.018546 
3.814529 
5.960474 
0.750164 
4.586641 
15.487307 
8.816263 
3.873570 
7.855725 
4.691769 
5.711226 
3.055010 
5.319024 
0.946830 
15.096085 
0.656636 
1.358852 
0.328264 
3.622889 
7.606601 
1.147221 
11.827398 
9.623710 
18.732631 
3.843286 
2.829806 
4.385624 
6.095051 
3.327994 
12.101604 
0.236425 
0.955625 
12.347546 
12.775884 
13.088698 
17.050690 
0.034637 
2.136358 
1.748994 
0.789025 
5.760570 
2.545599 
3.557509 
8.635262 
5.937881 
4.882853 
5.424427 
5.525553 
5.363062 
8.934940 
9.083341 
2.231280 
3.235603 
1.181155 
23.719359 
3.269358 
3.785021 
2.775425 
1.427883 
1.201868 
4.068537 
0.640735 
1.834534 
10.172643 
6.852375 
6.666612 
14.559620 
1.270234 
5.987135 
3.741449 
11.650843 
1.159961 
2.710437 
2.717773 
7.387894 
3.018038 
2.631257 
4.854767 
19.155531 
1.654007 
3.861417 
4.062583 
0.884541 
0.094157 
20.593297 
22.743467 
6.115688 
14.129089 
6.398684 
1.650555 
6.937844 
8.618326 
5.102749 
7.598150 
4.595697 
2.501898 
2.131028 
0.904689 
2.356833 
1.893973 
11.827376 
8.876140 
0.815921 
19.500417 
6.072757 
17.181025 
20.091450 
7.410860 
3.365577 
4.789432 
8.360824 
4.290998 
4.415262 
6.053204 
1.603103 
2.097366 
4.957848 
6.558582 
1.749494 
10.862318 
6.272902 
3.077457 
3.855419 
6.541583 
1.864215 
17.843486 
3.700806 
0.781207 
3.213899 
9.295915 
8.504506 
4.863017 
3.033061 
5.616900 
9.539866 
12.759815 
23.032871 
4.272666 
15.946337 
34.086278 
3.599133 
13.921386 
4.184784 
7.642000 
2.413775 
5.015799 
6.586827 
3.398061 
7.887415 
4.460347 
4.949580 
5.009393 
0.147595 
1.050409 
1.505322 
1.831980 
1.689326 
1.932631 
7.217169 
5.690341 
5.849475 
12.421482 
9.767622 
2.825754 
11.570212 
2.382283 
2.885595 
1.811828 
0.693229 
2.751957 
1.052187 
9.508862 
49.843239 
26.741956 
11.958605 
1.594404 
5.145551 
6.653876 
