0.463765
1.475827
0.937525
1.345068
2.425895
2.497526
0.504428
2.406287
1.175918
1.328857
2.052967
2.153540
2.483301
1.641361
1.073629
2.041555
2.490133
2.873538
2.229347
2.015397
2.021524
2.652277
2.244572
1.827347
1.104281
1.902522
1.754817
2.125055
2.412443
2.569076
1.631530
2.164550
0.768670
2.752042
0.329615
1.364126
1.385138
1.930335
0.607847
1.155018
2.621063
1.970826
1.191042
2.050293
1.876820
1.972773
2.095449
1.575781
1.973187
2.680395
2.078807
1.282823
2.091584
1.283903
2.870647
2.826644
1.660982
1.163522
2.684203
1.420377
1.598204
2.219335
0.759068
2.024413
2.256359
1.300966
0.533631
0.942208
0.697597
1.489159
2.806458
2.612941
1.790809
0.563396
1.252266
2.686352
2.151954
1.371032
2.203512
2.405198
1.941667
2.199953
0.608855
0.507632
1.056611
1.659227
0.556350
2.536179
1.795229
0.306910
2.477841
1.272612
2.084735
0.481540
2.486382
1.047819
2.664530
1.693218
1.922866
2.599773
1.282244
1.165488
2.531930
0.694312
1.427812
0.751298
1.541266
2.541071
0.379985
1.625422
1.855654
1.150011
1.701778
2.811205
2.701432
2.081521
0.775983
2.090413
1.882797
1.538539
2.047253
2.043585
2.183032
2.210406
2.678937
1.920054
1.217195
2.394825
2.238092
1.920659
1.993868
2.109256
1.994566
1.710001
1.480650
2.136878
1.947955
0.773851
1.904232
2.198071
2.591322
2.579524
2.172953
2.652198
1.963605
1.421963
2.489210
1.380591
1.849450
2.526392
1.134432
2.320274
0.211278
2.377075
2.524146
1.648560
2.029538
1.689814
2.570956
2.208842
2.044055
1.728626
2.336849
1.477971
2.096596
1.553121
1.443114
2.099461
2.431041
1.388902
2.898682
0.631811
1.288719
2.292325
2.992159
0.379255
2.112194
2.658988
2.076702
0.425409
1.233148
0.903609
2.478013
1.336861
1.551923
2.948975
1.663853
1.630669
2.475932
0.830639
0.643262
2.328416
2.240808
2.778683
2.291902
2.365229
0.934910
2.216237
1.141668
1.900968
2.442272
2.893835
2.693025
0.632400
2.178662
1.442738
1.324946
2.911365
1.961651
1.174620
2.479942
2.026771
2.419956
1.003451
2.031818
2.364118
2.752508
1.550677
2.551319
0.637272
2.091461
2.587096
0.682677
1.169158
1.977692
1.351251
2.871493
2.463061
1.513367
1.861162
1.837671
1.044761
2.363014
1.852865
0.632980
2.033483
2.703685
1.091512
2.324280
2.757611
1.252452
2.661027
2.658874
1.866228
2.854514
1.157403
1.745614
2.319001
2.636237
1.618748
1.861988
0.410164
0.906892
2.250865
0.465664
1.870858
0.808582
2.438467
1.979564
2.560372
2.239673
1.921278
2.073411
1.500824
0.595538
1.312594
1.374254
2.907370
0.837848
2.762873
1.582390
1.323299
2.020848
1.268793
2.136674
2.039282
0.368077
2.546313
1.992863
1.143167
2.007653
1.107635
2.101553
2.069572
2.602556
0.522957
1.535511
2.340287
2.232089
1.606818
0.761279
2.665365
1.020941
1.196477
1.357602
0.742235
2.578737
1.473243
2.821053
2.590654
2.926358
2.768976
0.902818
2.244675
1.910740
2.144925
1.516481
1.490422
1.995892
2.500974
1.383469
2.726366
1.984877
0.615560
2.864508
1.765714
0.470322
1.313622
1.853758
1.505055
1.691990
2.092091
1.912924
0.819138
1.845865
1.767304
2.891725
1.587326
2.521762
2.683946
1.235567
2.254625
2.125866
2.758345
2.021006
2.262846
2.784255
1.456401
1.120096
1.998225
0.979850
0.299270
1.474902
2.057926
2.228138
2.627737
2.065376
2.089185
1.791766
2.777503
2.022111
2.098050
0.861385
2.909621
1.291598
1.099293
1.854996
1.834737
1.205299
0.409890
2.427512
1.916971
2.653190
2.139251
2.248849
2.010854
2.024019
1.606583
2.307432
2.127300
2.882854
0.777557
0.648177
2.065411
0.733997
1.436432
2.232475
2.111951
2.643678
2.098983
2.805732
1.588429
1.437858
1.382647
1.561752
0.939416
2.405010
2.706804
0.894281
1.075058
0.968382
2.289562
2.190263
2.303362
2.641143
2.632872
1.029142
2.689936
1.153342
2.299150
2.644230
1.916047
2.341216
1.693505
1.070559
0.864169
1.874451
1.251007
1.644990
1.579039
2.159593
1.303419
0.968110
1.829582
1.136291
2.267943
0.600261
2.554890
1.508119
1.299509
2.618752
2.292742
0.542129
2.322022
2.318988
1.862807
1.121868
1.623511
2.338664
1.241672
1.689250
1.778487
1.973310
2.744581
2.129683
0.728975
0.254804
1.673190
2.685357
2.720532
0.576580
2.275211
2.235197
2.825660
2.593654
1.932006
2.122090
1.488141
2.261963
2.879298
2.105063
2.275769
1.626470
2.730718
2.813292
2.052993
2.129476
1.765397
1.671376
2.612386
2.558883
1.924219
0.875606
1.149113
2.789626
1.700522
2.330883
1.171548
2.515629
2.092240
0.547098
0.730913
2.210972
0.616375
2.168794
2.269000
1.943314
2.767827
2.164551
2.335791
2.385160
2.399390
2.616333
0.438089
0.970450
0.845987
2.366279
0.787410
2.734987
2.889503
1.767869
2.462609
1.263384
1.677221
0.645893
0.927669
2.365663
1.646864
2.153252
2.380872
1.455683
1.479912
0.697507
1.637449
2.038809
1.560983
1.410538
1.389633
2.300492
2.695608
2.756118
1.953828
2.145969
1.244100
1.439834
2.102409
2.009327
2.443709
2.445309
2.500710
2.513477
1.214925
0.136630
0.736545
1.639696
2.190694
2.275328
0.698122
1.441114
0.961038
0.754729
0.993234
1.939283
2.206449
2.293401
1.995241
1.919498
2.022033
2.289298
0.526123
0.839231
1.941630
1.512604
0.611361
2.492143
0.666595
2.890817
0.314372
1.885945
1.342324
1.789097
1.499828
1.220880
2.022333
2.345741
0.088978
2.412723
1.267997
1.662140
1.390985
2.347671
1.004459
2.976883
1.238569
0.991370
1.819436
0.370386
1.953473
0.413476
2.564998
2.177708
0.502618
1.618584
2.609270
2.909264
2.659019
1.721074
1.159552
2.139032
2.002144
1.740066
1.091192
1.999789
2.527518
2.624803
1.439492
1.738006
1.074114
1.749593
2.272853
1.860251
2.227176
0.368979
0.553576
2.838435
0.781093
1.231494
1.725839
1.551855
1.828309
1.522430
0.972369
1.727560
2.781001
2.684945
1.779693
1.054873
1.922086
1.573895
1.381747
2.380098
2.746935
2.616092
0.749636
2.856236
0.597265
1.837421
2.468029
1.822453
2.808763
0.938631
2.321522
1.177109
2.940857
2.025367
1.398741
0.506391
1.765247
1.863219
0.334780
1.939475
1.592262
2.627315
2.417687
1.435197
2.459700
1.465384
1.550612
1.659291
2.239428
2.402140
0.666148
1.887425
2.018034
2.247289
0.582531
0.723819
2.069910
2.234846
2.376017
2.596726
1.844554
1.036080
2.132480
2.641934
2.280181
0.812857
2.881443
0.768947
1.790322
2.220074
1.737127
1.070051
1.367880
2.101601
1.621508
2.177828
1.084032
2.478749
2.276022
2.042298
0.614823
1.749445
0.994266
1.704624
0.213184
1.435364
2.235730
0.271449
1.611720
1.547159
0.737215
1.439988
0.300500
2.182913
2.100621
2.436841
0.454408
1.828930
2.012385
2.218573
1.756770
1.483744
2.609719
1.418301
1.470107
1.977118
1.616503
2.455998
2.066045
2.304361
1.000369
1.996066
0.336005
0.941092
1.671119
1.119725
0.872914
2.252040
1.972616
2.377877
2.225247
1.841241
2.556342
2.234706
0.868472
2.743958
1.862630
0.855268
2.243581
0.575597
0.502456
2.850750
1.364658
0.528330
1.048125
1.362691
0.975206
1.986785
0.265123
1.679571
2.807489
1.938809
2.758432
2.451311
1.798609
0.714307
2.210412
1.035077
2.235834
0.862888
2.005063
2.860531
0.528956
2.405596
2.046644
0.818807
0.268785
1.297245
1.456883
1.966060
2.158078
1.823507
1.838754
2.570194
2.843304
1.453335
1.226269
2.543021
1.114464
0.855721
2.379597
0.721745
0.784049
2.700033
2.130639
1.693221
1.630113
2.254682
2.340670
2.286808
2.796254
1.044202
2.598114
0.294862
0.334753
1.526165
1.954415
0.727996
1.867751
1.307824
2.033440
2.488585
2.504895
2.701200
2.548368
0.623854
1.750164
2.314103
0.474942
2.034186
1.614416
2.138253
2.443132
1.292271
1.172272
2.152743
1.963423
2.559871
2.096184
2.577009
1.695140
2.746399
2.075014
2.601625
2.892145
0.336191
1.132370
2.057025
2.296661
2.211428
1.472295
1.604130
1.022846
1.763612
1.673041
1.675560
2.436485
0.500606
1.965628
0.729688
1.562317
2.592334
1.403170
2.185306
2.051255
2.888228
0.657475
0.383926
1.799517
2.891638
0.714990
1.891865
1.703260
1.128031
2.903096
2.304805
2.287856
2.721966
1.317933
1.478112
2.267839
1.180414
0.365410
1.389042
1.517119
0.794858
1.246042
2.714784
2.702783
1.571728
1.621502
1.685507
1.501616
2.971455
2.038131
0.828190
1.273404
2.379988
2.697049
1.916054
2.584532
2.028485
2.243867
2.067841
2.229700
1.908404
2.175318
2.853173
2.616809
0.840308
0.776982
1.807536
1.647319
0.878212
1.548241
0.409715
1.217116
1.152760
2.673817
2.764468
2.505032
1.641823
2.048164
0.749862
0.941132
1.566968
1.285923
0.481007
2.760932
1.913099
2.115311
1.175835
2.127794
1.167485
2.288375
2.207238
2.537774
2.488623
2.380536
2.783046
1.787905
2.564431
1.847319
2.870713
1.960580
1.656013
2.608800
2.509876
2.650491
1.878518
2.428181
0.634252
0.624889
0.867881
2.120890
1.390717
1.408683
1.785567
2.042959
2.704330
2.328860
2.423132
1.134280
2.524683
2.777987
2.011083
1.578371
1.265489
0.645662
1.959185
1.530984
1.162128
1.024088
2.505098
2.389608
2.945055
2.111325
2.811831
0.653987
2.402211
0.878749
2.009534
1.067373
0.865381
2.056341
2.344965
1.994886
2.608609
2.950713
2.471672
2.513337
2.379445
1.829009
1.606975
2.519797
2.512873
2.311798
2.894961
2.052867
2.992960
0.293612
2.077975
1.042267
1.709084
2.458516
1.069641
1.517276
2.029784
1.416612
1.537671
2.657032
1.350809
1.862853
1.297362
1.538310
1.933759
1.677504
0.889199
2.239389
2.481660
1.272184
1.645300
0.281954
1.816555
0.664433
1.473996
0.843569
0.491205
0.469036
1.714549
0.379457
2.060711
2.130089
1.060360
0.616929
1.691553
1.749486
2.402592
2.499081
